Date,Open,High,Low,Close,Adj Close,Volume
2011-01-03,238.000000,249.649994,237.600006,246.500000,246.500000,2414386
2011-01-04,247.850006,248.800003,237.100006,239.949997,239.949997,1276419
2011-01-05,240.000000,251.399994,234.600006,240.300003,240.300003,5449457
2011-01-06,242.000000,243.449997,226.250000,228.649994,228.649994,2122939
2011-01-07,229.000000,233.199997,212.050003,214.050003,214.050003,2097266
2011-01-10,214.600006,217.699997,201.649994,203.050003,203.050003,1590645
2011-01-11,204.250000,207.300003,197.100006,201.000000,201.000000,1353161
2011-01-12,205.000000,214.199997,200.100006,212.600006,212.600006,2148671
2011-01-13,214.500000,215.399994,202.750000,204.149994,204.149994,1640616
2011-01-14,204.399994,211.100006,200.000000,201.000000,201.000000,1538114
2011-01-17,202.000000,204.500000,197.449997,198.649994,198.649994,810049
2011-01-18,200.000000,203.699997,195.350006,201.300003,201.300003,873374
2011-01-19,202.250000,202.399994,197.250000,198.300003,198.300003,640015
2011-01-20,195.050003,201.350006,195.000000,198.250000,198.250000,620437
2011-01-21,198.250000,205.699997,197.199997,201.800003,201.800003,999400
2011-01-24,203.199997,206.949997,202.199997,204.750000,204.750000,660477
2011-01-25,206.850006,209.899994,201.750000,202.899994,202.899994,857010
2011-01-27,204.000000,204.699997,192.300003,194.899994,194.899994,782971
2011-01-28,193.149994,195.350006,181.600006,184.399994,184.399994,813686
2011-01-31,182.899994,187.800003,179.199997,183.850006,183.850006,800198
2011-02-01,185.600006,191.850006,182.300003,183.600006,183.600006,1182756
2011-02-02,187.000000,188.350006,182.250000,183.050003,183.050003,590118
2011-02-03,184.000000,191.500000,182.750000,189.750000,189.750000,884658
2011-02-04,189.800003,194.300003,182.699997,183.899994,183.899994,944940
2011-02-07,184.850006,185.949997,177.850006,178.750000,178.750000,567773
2011-02-08,179.699997,180.500000,169.550003,170.600006,170.600006,649392
2011-02-09,171.000000,171.850006,159.350006,161.550003,161.550003,762461
2011-02-10,159.500000,164.399994,155.500000,159.250000,159.250000,1055140
2011-02-11,159.600006,169.750000,157.899994,167.949997,167.949997,1022920
2011-02-14,169.250000,176.699997,169.250000,174.800003,174.800003,1148991
2011-02-15,175.000000,177.500000,169.149994,172.050003,172.050003,940981
2011-02-16,169.250000,179.399994,169.250000,177.149994,177.149994,839437
2011-02-17,178.100006,184.199997,178.050003,180.850006,180.850006,1214380
2011-02-18,178.100006,183.600006,171.050003,172.050003,172.050003,808356
2011-02-21,173.000000,173.449997,167.399994,172.350006,172.350006,454888
2011-02-22,170.500000,178.449997,169.000000,174.100006,174.100006,849179
2011-02-23,175.500000,177.949997,172.050003,173.149994,173.149994,510459
2011-02-24,176.000000,176.000000,156.500000,160.300003,160.300003,1583668
2011-02-25,163.000000,166.000000,157.100006,160.699997,160.699997,738013
2011-02-28,161.149994,164.399994,156.500000,158.449997,158.449997,642605
2011-03-01,160.250000,168.949997,159.600006,167.800003,167.800003,947310
2011-03-03,168.600006,173.350006,166.100006,169.800003,169.800003,1130101
2011-03-04,173.800003,178.800003,165.000000,166.350006,166.350006,760045
2011-03-07,167.000000,167.000000,162.050003,164.100006,164.100006,427494
2011-03-08,164.550003,169.800003,163.350006,167.899994,167.899994,667547
2011-03-09,169.899994,171.899994,165.199997,169.800003,169.800003,659880
2011-03-10,169.550003,171.000000,166.850006,168.500000,168.500000,503480
2011-03-11,166.350006,173.699997,164.100006,166.449997,166.449997,1119722
2011-03-14,166.000000,169.500000,166.000000,167.850006,167.850006,447225
2011-03-15,164.699997,164.899994,157.600006,158.550003,158.550003,594326
2011-03-16,159.100006,166.500000,159.100006,163.300003,163.300003,713410
2011-03-17,163.000000,165.000000,160.550003,163.250000,163.250000,439598
2011-03-18,164.300003,166.000000,162.000000,163.750000,163.750000,707402
2011-03-21,165.250000,180.399994,163.149994,179.000000,179.000000,5229095
2011-03-22,181.000000,182.600006,175.250000,176.550003,176.550003,2059519
2011-03-23,177.100006,196.250000,175.250000,195.000000,195.000000,7820679
2011-03-24,196.800003,205.199997,192.899994,197.800003,197.800003,5885465
2011-03-25,200.000000,203.449997,197.600006,201.350006,201.350006,2001541
2011-03-28,202.199997,209.699997,195.500000,204.750000,204.750000,3573871
2011-03-29,202.500000,207.800003,198.300003,199.750000,199.750000,1779915
2011-03-30,201.100006,206.399994,200.500000,201.750000,201.750000,1476097
2011-03-31,202.000000,203.300003,197.550003,200.750000,200.750000,884328
2011-04-01,201.699997,225.350006,200.850006,222.949997,222.949997,6005101
2011-04-04,224.100006,230.449997,222.000000,224.750000,224.750000,3880210
2011-04-05,226.149994,231.800003,220.850006,226.949997,226.949997,2989011
2011-04-06,227.000000,230.000000,222.050003,224.050003,224.050003,1710142
2011-04-07,225.199997,228.250000,222.100006,223.300003,223.300003,930999
2011-04-08,228.449997,237.600006,223.250000,226.699997,226.699997,7326324
2011-04-11,227.699997,230.750000,222.550003,224.300003,224.300003,1985128
2011-04-13,221.550003,229.000000,219.500000,227.300003,227.300003,2011210
2011-04-15,227.500000,229.750000,223.050003,226.000000,226.000000,1384795
2011-04-18,226.550003,229.100006,212.300003,213.800003,213.800003,1734132
2011-04-19,212.949997,213.800003,207.100006,210.250000,210.250000,1440642
2011-04-20,212.600006,219.399994,212.050003,217.949997,217.949997,1391884
2011-04-21,219.800003,225.000000,219.500000,220.800003,220.800003,1567000
2011-04-25,220.550003,224.850006,219.750000,222.300003,222.300003,916182
2011-04-26,223.050003,223.649994,215.100006,220.149994,220.149994,754755
2011-04-27,221.449997,221.750000,215.550003,216.350006,216.350006,582945
2011-04-28,218.000000,218.250000,210.050003,210.800003,210.800003,749140
2011-04-29,212.000000,215.899994,208.000000,210.300003,210.300003,794693
2011-05-02,211.199997,212.449997,204.050003,206.399994,206.399994,648181
2011-05-03,205.949997,206.399994,197.000000,198.899994,198.899994,979505
2011-05-04,198.449997,204.449997,195.899994,200.550003,200.550003,878004
2011-05-05,202.100006,206.000000,192.350006,194.149994,194.149994,1004082
2011-05-06,193.899994,197.000000,187.149994,190.899994,190.899994,839125
2011-05-09,192.750000,194.750000,190.100006,191.250000,191.250000,582392
2011-05-10,194.199997,204.000000,192.550003,194.850006,194.850006,840486
2011-05-11,196.800003,203.000000,195.000000,201.600006,201.600006,1196033
2011-05-12,200.000000,201.800003,193.000000,193.750000,193.750000,618812
2011-05-13,195.100006,203.699997,194.000000,199.100006,199.100006,907479
2011-05-16,220.000000,220.000000,195.850006,196.500000,196.500000,494071
2011-05-17,196.149994,198.250000,189.500000,190.899994,190.899994,490884
2011-05-18,191.000000,192.750000,180.449997,181.649994,181.649994,739052
2011-05-19,182.800003,184.850006,177.550003,178.750000,178.750000,554038
2011-05-20,179.050003,185.699997,179.050003,182.500000,182.500000,711357
2011-05-23,180.000000,181.449997,174.199997,175.149994,175.149994,409459
2011-05-24,176.699997,181.699997,175.199997,178.000000,178.000000,471697
2011-05-25,177.899994,179.649994,169.750000,170.899994,170.899994,561355
2011-05-26,172.899994,179.000000,172.000000,177.300003,177.300003,636194
2011-05-27,178.750000,183.949997,178.500000,182.449997,182.449997,527728
2011-05-30,180.550003,184.250000,178.699997,181.100006,181.100006,418537
2011-05-31,182.850006,193.000000,182.300003,192.100006,192.100006,1376197
2011-06-01,193.500000,194.649994,187.399994,193.000000,193.000000,850083
2011-06-02,188.000000,192.399994,186.050003,187.149994,187.149994,587205
2011-06-03,187.000000,192.100006,183.100006,184.300003,184.300003,652756
2011-06-06,185.000000,186.949997,182.550003,185.750000,185.750000,322373
2011-06-07,185.000000,193.300003,184.149994,192.350006,192.350006,722952
2011-06-08,192.750000,194.100006,185.350006,188.149994,188.149994,620600
2011-06-09,189.800003,198.300003,187.199997,197.300003,197.300003,2510837
2011-06-10,210.000000,210.000000,191.750000,193.600006,193.600006,1507246
2011-06-13,192.750000,194.899994,188.600006,193.949997,193.949997,838368
2011-06-14,193.000000,196.850006,192.100006,193.899994,193.899994,753194
2011-06-15,195.000000,196.850006,189.100006,189.899994,189.899994,696741
2011-06-16,189.949997,191.850006,186.850006,187.800003,187.800003,528760
2011-06-17,189.000000,190.449997,179.550003,180.500000,180.500000,694153
2011-06-20,180.750000,181.449997,167.100006,170.149994,170.149994,839129
2011-06-21,181.899994,181.899994,163.500000,166.649994,166.649994,640935
2011-06-22,168.899994,171.000000,162.649994,165.149994,165.149994,679573
2011-06-23,165.500000,171.199997,163.000000,167.449997,167.449997,785014
2011-06-24,167.899994,174.399994,167.199997,172.850006,172.850006,739532
2011-06-27,172.149994,175.699997,170.550003,173.250000,173.250000,484691
2011-06-28,174.449997,177.399994,169.000000,176.250000,176.250000,802410
2011-06-29,177.050003,179.100006,174.050003,176.699997,176.699997,625922
2011-06-30,178.000000,182.000000,175.699997,178.449997,178.449997,1660933
2011-07-01,179.899994,181.199997,175.600006,177.550003,177.550003,582496
2011-07-04,179.750000,184.500000,177.149994,183.250000,183.250000,847197
2011-07-05,183.949997,184.250000,179.100006,180.949997,180.949997,493489
2011-07-06,181.600006,182.850006,178.100006,179.949997,179.949997,598549
2011-07-07,181.449997,187.399994,180.000000,185.949997,185.949997,1268173
2011-07-08,187.600006,187.600006,179.600006,180.449997,180.449997,580689
2011-07-11,181.300003,182.649994,176.649994,178.050003,178.050003,376134
2011-07-12,176.000000,176.500000,172.149994,173.199997,173.199997,584396
2011-07-13,174.949997,178.449997,174.250000,177.600006,177.600006,509823
2011-07-14,177.899994,181.100006,176.000000,177.600006,177.600006,751089
2011-07-15,177.649994,179.699997,175.199997,177.000000,177.000000,345230
2011-07-18,177.000000,178.800003,176.149994,177.149994,177.149994,266103
2011-07-19,177.500000,181.449997,176.550003,179.199997,179.199997,463005
2011-07-20,180.500000,185.550003,180.050003,181.350006,181.350006,1048268
2011-07-21,181.350006,184.050003,177.800003,178.850006,178.850006,501118
2011-07-22,180.199997,183.899994,180.199997,181.600006,181.600006,495466
2011-07-25,176.800003,186.500000,176.800003,185.300003,185.300003,1195219
2011-07-26,185.649994,186.899994,178.350006,179.750000,179.750000,623087
2011-07-27,180.600006,183.500000,178.600006,181.149994,181.149994,478007
2011-07-28,181.000000,182.649994,177.350006,178.350006,178.350006,548447
2011-07-29,178.600006,180.500000,168.550003,170.199997,170.199997,596890
2011-08-01,172.800003,173.000000,166.300003,170.449997,170.449997,556817
2011-08-02,171.000000,171.000000,165.550003,166.899994,166.899994,341818
2011-08-03,165.000000,173.250000,162.500000,171.800003,171.800003,1051605
2011-08-04,173.399994,174.000000,166.149994,167.300003,167.300003,628995
2011-08-05,151.100006,163.000000,151.100006,155.300003,155.300003,842763
2011-08-08,150.399994,153.000000,141.199997,145.399994,145.399994,664359
2011-08-09,138.149994,144.699997,135.100006,139.050003,139.050003,810807
2011-08-10,142.149994,144.800003,140.449997,141.600006,141.600006,437260
2011-08-11,142.899994,144.300003,140.199997,141.899994,141.899994,436839
2011-08-12,144.000000,145.800003,138.800003,140.149994,140.149994,865763
2011-08-16,141.750000,142.050003,126.199997,128.750000,128.750000,650314
2011-08-17,129.350006,130.250000,120.000000,126.150002,126.150002,912483
2011-08-18,127.000000,127.500000,121.000000,121.900002,121.900002,498657
2011-08-19,117.199997,120.400002,110.500000,115.599998,115.599998,662299
2011-08-22,116.150002,122.500000,114.150002,121.550003,121.550003,762155
2011-08-23,122.900002,126.400002,117.099998,124.400002,124.400002,1092856
2011-08-24,121.000000,129.100006,120.949997,122.949997,122.949997,1011982
2011-08-25,123.800003,124.449997,115.599998,116.800003,116.800003,1030482
2011-08-26,117.550003,120.500000,113.750000,114.400002,114.400002,830424
2011-08-29,116.050003,121.900002,116.050003,119.750000,119.750000,694145
2011-08-30,121.099998,124.349998,120.150002,122.599998,122.599998,870932
2011-09-02,123.199997,126.800003,121.099998,124.199997,124.199997,764452
2011-09-05,122.800003,125.500000,121.300003,124.599998,124.599998,632207
2011-09-06,123.900002,128.199997,123.099998,126.550003,126.550003,1279002
2011-09-07,128.000000,131.699997,126.550003,130.149994,130.149994,1189270
2011-09-08,131.100006,135.500000,131.000000,132.500000,132.500000,1453883
2011-09-09,133.149994,134.449997,127.199997,128.050003,128.050003,826460
2011-09-12,125.000000,126.449997,121.150002,123.150002,123.150002,480098
2011-09-13,125.000000,127.300003,122.800003,123.550003,123.550003,718261
2011-09-14,124.900002,127.500000,123.199997,126.599998,126.599998,683753
2011-09-15,128.699997,128.699997,124.500000,126.199997,126.199997,692315
2011-09-16,127.500000,130.350006,125.500000,127.199997,127.199997,866343
2011-09-19,126.500000,126.800003,123.800003,125.349998,125.349998,451309
2011-09-20,126.550003,128.500000,124.250000,127.800003,127.800003,760197
2011-09-21,127.949997,129.000000,126.150002,127.900002,127.900002,493984
2011-09-22,125.500000,125.800003,119.199997,120.800003,120.800003,577707
2011-09-23,117.199997,120.000000,114.599998,116.900002,116.900002,605576
2011-09-26,117.000000,118.349998,102.599998,107.550003,107.550003,1202275
2011-09-27,109.099998,113.500000,109.099998,112.949997,112.949997,718129
2011-09-28,113.550003,114.400002,109.099998,109.900002,109.900002,548150
2011-09-29,107.500000,111.599998,107.000000,110.300003,110.300003,598454
2011-09-30,110.500000,112.400002,107.099998,107.949997,107.949997,543895
2011-10-03,106.900002,106.900002,102.900002,104.650002,104.650002,304725
2011-10-04,103.000000,106.849998,99.599998,101.150002,101.150002,676233
2011-10-05,102.150002,103.199997,99.099998,100.349998,100.349998,483004
2011-10-07,103.000000,107.000000,102.099998,105.550003,105.550003,767150
2011-10-10,106.000000,108.300003,103.800003,107.849998,107.849998,545659
2011-10-11,109.000000,112.199997,106.699997,108.599998,108.599998,697053
2011-10-12,109.599998,113.000000,109.099998,112.500000,112.500000,699267
2011-10-13,113.449997,114.349998,109.349998,110.949997,110.949997,527793
2011-10-14,110.500000,111.599998,109.300003,110.699997,110.699997,368657
2011-10-17,112.199997,112.199997,108.550003,109.650002,109.650002,319217
2011-10-18,109.000000,109.000000,104.800003,106.349998,106.349998,365335
2011-10-19,107.849998,110.900002,107.500000,110.250000,110.250000,386088
2011-10-20,109.000000,109.000000,106.599998,108.099998,108.099998,293472
2011-10-21,110.949997,110.949997,104.099998,105.099998,105.099998,390089
2011-10-24,107.699997,110.000000,104.500000,105.800003,105.800003,310862
2011-10-25,107.199997,109.750000,105.199997,108.949997,108.949997,480838
2011-10-28,111.949997,119.000000,111.550003,117.099998,117.099998,1181429
2011-10-31,118.800003,122.800003,117.000000,119.800003,119.800003,1104995
2011-11-01,117.050003,119.500000,113.300003,114.550003,114.550003,560614
2011-11-02,113.000000,118.800003,113.000000,117.300003,117.300003,708516
2011-11-03,117.300003,121.000000,115.050003,117.949997,117.949997,744999
2011-11-04,119.800003,120.699997,116.500000,118.300003,118.300003,551546
2011-11-08,120.000000,128.199997,118.599998,126.849998,126.849998,1731943
2011-11-09,130.000000,130.600006,121.800003,123.099998,123.099998,2326223
2011-11-11,120.150002,135.000000,118.550003,133.699997,133.699997,3526937
2011-11-14,136.000000,136.000000,127.000000,128.300003,128.300003,2198006
2011-11-15,127.800003,132.899994,121.300003,122.750000,122.750000,1631687
2011-11-16,122.800003,127.900002,112.400002,124.900002,124.900002,1823736
2011-11-17,125.949997,128.800003,120.599998,122.300003,122.300003,1136780
2011-11-18,120.500000,124.550003,118.050003,123.750000,123.750000,815686
2011-11-21,140.000000,140.000000,114.000000,114.699997,114.699997,926714
2011-11-22,116.000000,121.599998,113.199997,116.550003,116.550003,1187888
2011-11-23,116.599998,116.599998,103.500000,105.949997,105.949997,1666215
2011-11-24,106.000000,110.900002,102.000000,109.400002,109.400002,1626315
2011-11-25,107.900002,112.849998,107.900002,109.300003,109.300003,983030
2011-11-28,110.900002,118.599998,110.300003,117.949997,117.949997,1153491
2011-11-29,119.099998,125.699997,118.599998,124.599998,124.599998,3194033
2011-11-30,124.400002,125.150002,117.050003,119.099998,119.099998,1487248
2011-12-01,122.400002,132.300003,118.300003,120.599998,120.599998,1102149
2011-12-02,120.900002,124.750000,118.599998,123.800003,123.800003,882300
2011-12-05,123.599998,132.300003,121.099998,131.100006,131.100006,2168842
2011-12-07,133.000000,134.199997,126.699997,128.949997,128.949997,1892667
2011-12-08,128.399994,128.699997,122.400002,123.199997,123.199997,976511
2011-12-09,122.300003,123.000000,117.699997,119.449997,119.449997,891987
2011-12-12,120.050003,121.250000,111.000000,113.099998,113.099998,771008
2011-12-13,111.050003,116.900002,109.099998,115.449997,115.449997,1261487
2011-12-14,115.650002,116.849998,111.400002,112.500000,112.500000,781269
2011-12-15,109.599998,113.000000,107.000000,111.050003,111.050003,811967
2011-12-16,110.550003,114.000000,102.699997,104.099998,104.099998,1034516
2011-12-19,100.099998,102.900002,96.199997,98.900002,98.900002,1184011
2011-12-20,99.800003,101.599998,92.099998,92.849998,92.849998,1279114
2011-12-21,95.900002,96.550003,86.349998,91.650002,91.650002,2639456
2011-12-22,90.900002,95.699997,88.199997,95.099998,95.099998,1949632
2011-12-23,96.500000,97.199997,92.000000,92.900002,92.900002,1067309
2011-12-26,93.800003,96.650002,91.300003,95.250000,95.250000,895938
2011-12-27,95.550003,96.150002,91.050003,91.949997,91.949997,950816
2011-12-28,91.599998,92.849998,89.599998,91.050003,91.050003,684311
2011-12-29,90.400002,91.800003,89.099998,89.650002,89.650002,748503
2011-12-30,90.599998,93.349998,89.000000,89.699997,89.699997,971972
2012-01-02,90.000000,92.000000,87.199997,91.000000,91.000000,938901
2012-01-03,93.000000,95.500000,92.349998,94.949997,94.949997,1025650
2012-01-04,96.699997,100.599998,95.400002,98.150002,98.150002,1725037
2012-01-05,98.500000,100.849998,95.750000,96.599998,96.599998,1126590
2012-01-06,95.949997,97.650002,92.650002,96.000000,96.000000,952777
2012-01-07,null,null,null,null,null,null
2012-01-09,97.050003,98.800003,93.599998,97.750000,97.750000,1051621
2012-01-10,98.750000,104.400002,98.550003,103.500000,103.500000,1528289
2012-01-11,104.349998,106.500000,103.250000,104.099998,104.099998,1091952
2012-01-12,104.000000,108.000000,103.099998,104.849998,104.849998,1144375
2012-01-13,104.000000,109.000000,104.000000,106.250000,106.250000,1133654
2012-01-16,106.000000,113.900002,104.099998,113.250000,113.250000,1755751
2012-01-17,114.300003,116.699997,111.699997,112.550003,112.550003,1396282
2012-01-18,112.550003,116.500000,109.250000,110.050003,110.050003,1223734
2012-01-19,111.699997,115.000000,111.000000,114.199997,114.199997,1080423
2012-01-20,113.650002,119.050003,112.599998,114.400002,114.400002,1910411
2012-01-23,113.849998,119.500000,113.000000,117.250000,117.250000,1557822
2012-01-24,117.449997,120.900002,114.099998,118.099998,118.099998,1719662
2012-01-25,118.400002,120.400002,116.150002,117.650002,117.650002,983106
2012-01-27,117.849998,122.949997,117.849998,121.449997,121.449997,1358731
2012-01-30,121.000000,123.500000,111.449997,112.650002,112.650002,1319251
2012-01-31,113.000000,118.000000,113.000000,117.300003,117.300003,902528
2012-02-01,117.849998,122.000000,115.050003,121.250000,121.250000,1428727
2012-02-02,120.000000,124.900002,119.199997,122.250000,122.250000,1610540
2012-02-03,122.250000,123.699997,121.099998,122.250000,122.250000,859572
2012-02-06,123.099998,128.399994,121.699997,123.900002,123.900002,1670123
2012-02-07,123.849998,126.400002,119.449997,121.099998,121.099998,1447900
2012-02-08,118.900002,127.300003,118.900002,122.849998,122.849998,1849258
2012-02-09,124.449997,129.000000,123.000000,128.199997,128.199997,2033120
2012-02-10,128.899994,130.600006,122.300003,124.349998,124.349998,1327339
2012-02-13,125.500000,127.750000,123.400002,126.699997,126.699997,851512
2012-02-14,125.849998,129.800003,125.099998,128.100006,128.100006,956973
2012-02-15,132.399994,135.199997,129.300003,133.350006,133.350006,1692943
2012-02-16,133.699997,137.300003,131.000000,135.649994,135.649994,1557317
2012-02-17,137.449997,142.149994,135.500000,137.100006,137.100006,1812066
2012-02-21,138.399994,151.250000,137.850006,149.949997,149.949997,2797198
2012-02-22,151.399994,151.399994,134.500000,136.149994,136.149994,1810080
2012-02-23,134.000000,140.300003,129.000000,137.699997,137.699997,1531661
2012-02-24,139.500000,141.600006,131.300003,133.500000,133.500000,1369859
2012-02-27,134.449997,134.800003,124.000000,125.699997,125.699997,1308216
2012-02-28,126.150002,135.350006,126.150002,134.699997,134.699997,870448
2012-02-29,135.449997,139.899994,130.399994,137.500000,137.500000,1274645
2012-03-01,137.850006,138.649994,132.500000,135.649994,135.649994,840226
2012-03-02,136.800003,138.250000,132.699997,133.899994,133.899994,1125406
2012-03-03,null,null,null,null,null,null
2012-03-05,133.000000,133.000000,127.000000,129.149994,129.149994,719116
2012-03-06,129.000000,135.600006,122.199997,124.150002,124.150002,1281298
2012-03-07,122.500000,124.800003,120.300003,123.949997,123.949997,1398747
2012-03-09,126.300003,129.949997,126.000000,129.000000,129.000000,797807
2012-03-12,130.449997,131.250000,125.500000,129.149994,129.149994,644399
2012-03-13,130.399994,134.899994,130.000000,133.350006,133.350006,913044
2012-03-14,135.000000,136.399994,130.350006,132.600006,132.600006,1076818
2012-03-15,133.000000,133.000000,125.400002,126.300003,126.300003,757574
2012-03-16,126.849998,129.899994,122.500000,123.599998,123.599998,1056454
2012-03-19,119.949997,124.550003,114.099998,116.599998,116.599998,878596
2012-03-20,116.500000,119.599998,113.050003,116.349998,116.349998,1154689
2012-03-21,116.500000,122.800003,115.199997,121.550003,121.550003,1198397
2012-03-22,121.750000,123.449997,111.599998,112.449997,112.449997,1143572
2012-03-23,108.250000,119.300003,108.250000,117.949997,117.949997,1305433
2012-03-26,117.449997,117.949997,112.500000,113.300003,113.300003,1024538
2012-03-27,115.300003,116.000000,110.800003,113.900002,113.900002,1134584
2012-03-28,113.099998,113.099998,107.400002,107.949997,107.949997,864226
2012-03-29,106.949997,110.449997,105.050003,108.599998,108.599998,1816371
2012-03-30,109.150002,113.000000,109.050003,112.050003,112.050003,1483377
2012-04-02,112.500000,120.199997,112.050003,119.000000,119.000000,1539553
2012-04-03,120.199997,124.900002,120.199997,124.199997,124.199997,2050369
2012-04-04,123.449997,125.599998,120.650002,124.699997,124.699997,1103514
2012-04-09,125.000000,125.000000,118.150002,119.000000,119.000000,1043868
2012-04-10,119.900002,120.500000,115.000000,117.400002,117.400002,915132
2012-04-11,116.449997,123.800003,114.500000,121.050003,121.050003,1668380
2012-04-12,121.500000,124.500000,117.750000,123.050003,123.050003,1433228
2012-04-13,123.599998,129.800003,121.599998,122.400002,122.400002,1775125
2012-04-16,121.449997,124.500000,120.500000,122.750000,122.750000,986109
2012-04-17,128.000000,133.350006,122.599998,132.550003,132.550003,2107504
2012-04-18,133.000000,136.649994,129.100006,129.850006,129.850006,1926203
2012-04-19,130.699997,132.800003,128.449997,131.449997,131.449997,1158262
2012-04-20,130.949997,132.000000,125.000000,126.550003,126.550003,949011
2012-04-23,127.400002,130.500000,118.199997,119.000000,119.000000,1531782
2012-04-24,120.000000,123.500000,117.250000,122.650002,122.650002,1101694
2012-04-25,122.099998,124.500000,117.599998,119.900002,119.900002,783085
2012-04-26,120.900002,120.900002,118.150002,119.050003,119.050003,704258
2012-04-27,119.400002,122.900002,115.900002,119.199997,119.199997,1228931
2012-04-30,121.800003,123.500000,119.650002,121.900002,121.900002,1062587
2012-05-02,122.550003,126.250000,122.550003,124.349998,124.349998,1308118
2012-05-03,125.199997,125.199997,119.400002,120.650002,120.650002,1031996
2012-05-04,119.750000,119.800003,111.699997,113.000000,113.000000,1175468
2012-05-07,114.000000,117.599998,107.050003,116.699997,116.699997,1555240
2012-05-08,117.000000,118.800003,111.849998,112.699997,112.699997,1196857
2012-05-09,110.000000,113.349998,107.750000,109.500000,109.500000,864879
2012-05-10,109.550003,112.400002,107.150002,108.900002,108.900002,1028254
2012-05-11,108.000000,108.849998,101.550003,102.900002,102.900002,1330906
2012-05-14,102.900002,104.650002,99.199997,100.199997,100.199997,892517
2012-05-15,99.000000,103.800003,97.550003,102.800003,102.800003,1343321
2012-05-16,100.900002,105.800003,98.000000,104.199997,104.199997,1230414
2012-05-17,104.400002,106.699997,100.699997,102.150002,102.150002,1227123
2012-05-18,99.000000,103.400002,97.849998,102.449997,102.449997,1209588
2012-05-21,102.000000,105.900002,101.150002,104.650002,104.650002,1229345
2012-05-22,105.500000,106.750000,99.800003,100.900002,100.900002,1309611
2012-05-23,100.000000,101.349998,98.699997,99.650002,99.650002,913809
2012-05-24,101.599998,102.449997,99.750000,101.800003,101.800003,1264860
2012-05-25,101.400002,104.449997,100.400002,103.199997,103.199997,1144730
2012-05-28,104.099998,104.800003,102.750000,104.300003,104.300003,546402
2012-05-29,111.000000,111.000000,102.650002,103.150002,103.150002,541777
2012-05-30,103.150002,103.150002,99.400002,100.050003,100.050003,562964
2012-05-31,98.099998,102.000000,97.199997,101.599998,101.599998,561533
2012-06-01,100.949997,102.199997,97.500000,98.250000,98.250000,733425
2012-06-04,96.949997,99.800003,95.150002,98.949997,98.949997,767765
2012-06-05,100.949997,101.599998,97.650002,99.000000,99.000000,625544
2012-06-06,100.449997,104.400002,100.150002,103.199997,103.199997,829960
2012-06-07,104.000000,109.500000,103.099998,108.250000,108.250000,1174503
2012-06-08,106.449997,111.500000,105.500000,110.199997,110.199997,1349135
2012-06-11,111.050003,114.000000,108.849998,109.550003,109.550003,1166616
2012-06-12,108.849998,114.750000,108.150002,113.449997,113.449997,799789
2012-06-13,113.599998,123.500000,110.849998,120.750000,120.750000,3258403
2012-06-14,121.250000,121.250000,114.599998,115.199997,115.199997,1129295
2012-06-15,116.199997,118.750000,114.599998,117.050003,117.050003,775905
2012-06-18,117.949997,118.699997,110.550003,112.150002,112.150002,933393
2012-06-19,112.199997,116.800003,111.500000,115.599998,115.599998,852289
2012-06-20,116.000000,126.699997,115.500000,123.449997,123.449997,1803857
2012-06-21,122.900002,133.449997,121.000000,131.500000,131.500000,3764828
2012-06-22,130.399994,136.399994,125.400002,133.649994,133.649994,3320083
2012-06-25,134.899994,136.899994,126.550003,127.550003,127.550003,2596020
2012-06-26,127.699997,130.399994,125.599998,127.800003,127.800003,1057996
2012-06-27,128.600006,131.800003,126.800003,128.699997,128.699997,1608485
2012-06-28,129.199997,131.000000,126.099998,127.400002,127.400002,1054031
2012-06-29,128.500000,132.600006,128.300003,131.500000,131.500000,1330671
2012-07-02,132.000000,132.850006,128.300003,131.300003,131.300003,1040972
2012-07-03,133.550003,135.449997,132.500000,134.750000,134.750000,2595313
2012-07-04,137.350006,138.449997,133.600006,135.850006,135.850006,1909730
2012-07-05,136.000000,140.000000,133.800003,139.449997,139.449997,1886661
2012-07-06,140.250000,140.250000,133.199997,134.600006,134.600006,1070305
2012-07-09,133.399994,133.449997,128.699997,129.550003,129.550003,1154781
2012-07-10,129.000000,134.750000,129.000000,133.550003,133.550003,1342454
2012-07-11,132.250000,134.750000,131.100006,132.100006,132.100006,950353
2012-07-12,130.750000,130.750000,127.500000,129.050003,129.050003,988119
2012-07-13,130.250000,133.899994,129.399994,133.050003,133.050003,1436291
2012-07-16,134.000000,134.250000,128.000000,128.800003,128.800003,961593
2012-07-17,130.500000,130.500000,126.000000,126.849998,126.849998,847195
2012-07-18,126.000000,126.949997,121.050003,124.400002,124.400002,908764
2012-07-19,126.349998,128.300003,125.300003,126.300003,126.300003,1014821
2012-07-20,126.300003,127.599998,123.800003,124.500000,124.500000,648908
2012-07-23,120.150002,123.300003,118.050003,118.550003,118.550003,821260
2012-07-24,118.599998,120.949997,116.099998,117.400002,117.400002,636229
2012-07-25,117.000000,117.050003,110.199997,114.949997,114.949997,1464232
2012-07-26,115.000000,115.400002,111.000000,112.150002,112.150002,954419
2012-07-27,113.800003,116.800003,109.699997,111.900002,111.900002,786968
2012-07-30,112.800003,117.800003,111.550003,116.949997,116.949997,789002
2012-07-31,117.550003,119.500000,112.699997,118.699997,118.699997,1062163
2012-08-01,115.750000,121.349998,115.199997,119.800003,119.800003,1140285
2012-08-02,119.000000,122.650002,118.199997,121.550003,121.550003,925042
2012-08-03,119.000000,123.449997,118.250000,122.650002,122.650002,1007086
2012-08-06,127.000000,127.000000,121.300003,124.099998,124.099998,1123335
2012-08-07,124.099998,126.699997,123.650002,124.800003,124.800003,864603
2012-08-08,125.699997,126.099998,121.500000,122.400002,122.400002,795935
2012-08-09,123.699997,123.699997,119.599998,120.199997,120.199997,616924
2012-08-10,120.150002,123.000000,118.650002,122.099998,122.099998,759016
2012-08-13,122.050003,133.800003,119.800003,122.300003,122.300003,714531
2012-08-14,122.300003,124.449997,121.050003,123.099998,123.099998,417378
2012-08-16,123.800003,123.800003,119.800003,120.849998,120.849998,531706
2012-08-17,121.650002,123.150002,118.300003,119.750000,119.750000,703376
2012-08-21,120.650002,123.150002,119.099998,122.550003,122.550003,807774
2012-08-22,121.250000,122.650002,120.099998,121.150002,121.150002,636243
2012-08-23,121.150002,124.349998,121.000000,123.349998,123.349998,1065969
2012-08-24,123.800003,127.250000,122.099998,125.250000,125.250000,1657475
2012-08-27,125.250000,126.449997,119.599998,120.199997,120.199997,881671
2012-08-28,120.699997,120.699997,113.199997,115.949997,115.949997,844444
2012-08-29,116.050003,117.400002,114.550003,115.849998,115.849998,708701
2012-08-30,115.349998,116.550003,113.250000,115.199997,115.199997,612361
2012-08-31,115.500000,116.449997,114.199997,115.300003,115.300003,431581
2012-09-03,115.849998,117.800003,114.800003,115.750000,115.750000,419181
2012-09-04,115.750000,117.199997,115.449997,116.650002,116.650002,356639
2012-09-05,116.000000,116.900002,113.000000,114.650002,114.650002,541937
2012-09-06,114.099998,117.449997,110.550003,116.150002,116.150002,397735
2012-09-07,117.150002,119.800003,116.849998,118.900002,118.900002,831013
2012-09-08,null,null,null,null,null,null
2012-09-10,120.050003,120.800003,118.099998,119.300003,119.300003,472089
2012-09-11,119.000000,119.000000,116.000000,117.650002,117.650002,405959
2012-09-12,118.000000,119.800003,116.900002,118.000000,118.000000,498231
2012-09-13,118.449997,119.150002,115.500000,116.449997,116.449997,533652
2012-09-14,118.199997,120.199997,117.199997,117.800003,117.800003,919367
2012-09-17,118.949997,123.599998,117.949997,122.650002,122.650002,1638158
2012-09-18,122.199997,125.000000,121.750000,123.000000,123.000000,834649
2012-09-20,121.449997,121.449997,117.000000,117.750000,117.750000,750330
2012-09-21,118.199997,121.800003,118.199997,120.000000,120.000000,803543
2012-09-24,120.000000,123.750000,118.099998,118.650002,118.650002,1213997
2012-09-25,119.449997,120.250000,114.400002,114.699997,114.699997,1118060
2012-09-26,114.900002,117.000000,114.000000,114.849998,114.849998,1106588
2012-09-27,115.750000,118.199997,114.199997,117.099998,117.099998,1644938
2012-09-28,118.000000,119.199997,114.900002,116.300003,116.300003,646795
2012-10-01,116.300003,120.699997,116.099998,119.349998,119.349998,527621
2012-10-03,120.000000,120.550003,117.099998,118.250000,118.250000,529522
2012-10-04,118.349998,122.500000,118.250000,121.000000,121.000000,1199652
2012-10-05,122.000000,122.000000,116.000000,119.199997,119.199997,789192
2012-10-08,119.300003,119.400002,114.500000,115.449997,115.449997,672879
2012-10-09,115.949997,117.900002,114.000000,114.699997,114.699997,735396
2012-10-10,115.750000,115.900002,112.699997,113.000000,113.000000,519595
2012-10-11,113.800003,114.900002,111.800003,113.500000,113.500000,658005
2012-10-12,113.949997,114.900002,112.250000,112.650002,112.650002,593766
2012-10-15,112.650002,112.949997,110.650002,111.150002,111.150002,462633
2012-10-16,111.800003,113.650002,110.250000,110.599998,110.599998,682962
2012-10-17,111.599998,111.900002,108.500000,109.449997,109.449997,423865
2012-10-18,110.250000,110.400002,108.349998,109.349998,109.349998,440819
2012-10-19,109.400002,109.800003,106.150002,106.599998,106.599998,453249
2012-10-22,106.000000,106.900002,104.199997,105.300003,105.300003,378164
2012-10-23,119.000000,119.000000,105.000000,105.449997,105.449997,647551
2012-10-25,101.099998,106.199997,101.099998,103.849998,103.849998,300591
2012-10-29,102.500000,103.800003,99.099998,100.650002,100.650002,437252
2012-10-30,101.400002,101.699997,98.500000,99.550003,99.550003,292540
2012-10-31,99.250000,102.250000,99.250000,101.199997,101.199997,323738
2012-11-01,101.000000,101.699997,97.900002,99.199997,99.199997,840181
2012-11-02,99.300003,100.750000,98.550003,99.000000,99.000000,701105
2012-11-05,98.849998,99.900002,97.750000,98.099998,98.099998,739732
2012-11-06,98.250000,98.599998,95.300003,95.550003,95.550003,579052
2012-11-07,95.949997,99.199997,95.500000,97.699997,97.699997,687849
2012-11-08,97.000000,101.800003,96.099998,100.400002,100.400002,1177405
2012-11-09,100.150002,102.400002,98.699997,99.500000,99.500000,615839
2012-11-11,null,null,null,null,null,null
2012-11-12,99.849998,100.050003,97.650002,98.449997,98.449997,263421
2012-11-15,98.800003,98.800003,95.699997,97.050003,97.050003,329501
2012-11-16,101.949997,109.000000,96.650002,97.150002,97.150002,479466
2012-11-19,97.750000,98.400002,96.099998,96.400002,96.400002,247468
2012-11-20,96.900002,97.500000,93.750000,94.400002,94.400002,283500
2012-11-21,94.699997,95.000000,93.199997,94.449997,94.449997,225485
2012-11-22,94.500000,95.349998,94.000000,94.400002,94.400002,229408
2012-11-23,94.449997,94.900002,92.300003,92.650002,92.650002,242437
2012-11-26,93.800003,97.650002,92.349998,95.599998,95.599998,615815
2012-11-27,95.949997,99.400002,95.849998,97.849998,97.849998,752497
2012-11-29,98.500000,101.449997,97.349998,98.500000,98.500000,849257
2012-11-30,97.500000,100.199997,97.500000,98.599998,98.599998,402613
2012-12-03,99.599998,102.500000,98.400002,100.699997,100.699997,812886
2012-12-04,101.000000,102.900002,99.500000,100.400002,100.400002,613571
2012-12-05,101.349998,101.949997,99.500000,99.949997,99.949997,432934
2012-12-06,101.500000,101.900002,99.099998,100.550003,100.550003,439349
2012-12-07,101.099998,111.199997,100.500000,107.949997,107.949997,4369431
2012-12-10,108.800003,110.400002,106.650002,107.250000,107.250000,1308116
2012-12-11,107.750000,111.150002,105.349998,106.650002,106.650002,1734362
2012-12-12,107.400002,109.300003,104.699997,105.449997,105.449997,945216
2012-12-13,105.900002,106.050003,99.400002,100.199997,100.199997,825998
2012-12-14,100.849998,103.300003,99.400002,100.650002,100.650002,830956
2012-12-17,101.650002,102.400002,99.500000,100.650002,100.650002,413606
2012-12-18,100.699997,102.099998,99.650002,100.150002,100.150002,612744
2012-12-19,100.699997,103.400002,100.500000,100.849998,100.849998,904616
2012-12-20,101.550003,102.400002,100.599998,101.099998,101.099998,592863
2012-12-21,100.750000,106.199997,100.199997,102.250000,102.250000,2860876
2012-12-24,103.099998,104.900002,102.000000,102.699997,102.699997,831140
2012-12-26,101.599998,103.449997,100.650002,100.900002,100.900002,460464
2012-12-27,104.699997,108.699997,103.500000,104.599998,104.599998,3601135
2012-12-28,105.150002,105.400002,101.500000,102.400002,102.400002,1325989
2012-12-31,102.599998,103.750000,101.400002,102.199997,102.199997,562016
2013-01-01,102.400002,104.349998,102.150002,103.250000,103.250000,623750
2013-01-02,104.949997,105.349998,103.000000,103.250000,103.250000,825686
2013-01-03,103.849998,104.500000,102.500000,102.900002,102.900002,554759
2013-01-04,102.900002,105.900002,102.099998,104.599998,104.599998,1277292
2013-01-07,105.099998,109.250000,104.250000,107.800003,107.800003,2066981
2013-01-08,108.199997,108.699997,105.000000,105.699997,105.699997,690851
2013-01-09,106.099998,112.300003,105.900002,110.400002,110.400002,2763539
2013-01-10,111.250000,113.099998,108.699997,110.550003,110.550003,2024213
2013-01-11,111.199997,111.349998,106.500000,108.599998,108.599998,797177
2013-01-14,108.699997,110.599998,107.250000,109.400002,109.400002,519835
2013-01-15,109.449997,112.099998,108.000000,109.900002,109.900002,816676
2013-01-16,109.900002,112.800003,109.250000,110.300003,110.300003,1051081
2013-01-17,110.300003,111.750000,108.000000,109.650002,109.650002,603918
2013-01-18,110.449997,114.699997,110.300003,110.750000,110.750000,1316815
2013-01-21,111.599998,113.900002,110.650002,113.099998,113.099998,679232
2013-01-22,114.000000,114.500000,111.099998,112.449997,112.449997,599321
2013-01-23,113.599998,113.599998,110.250000,112.050003,112.050003,466568
2013-01-24,113.000000,113.000000,102.300003,104.650002,104.650002,590400
2013-01-25,106.000000,106.800003,101.000000,105.349998,105.349998,399779
2013-01-28,105.099998,107.300003,104.699997,105.199997,105.199997,282550
2013-01-29,105.599998,106.150002,102.750000,103.250000,103.250000,176241
2013-01-30,104.000000,104.599998,101.599998,101.849998,101.849998,218319
2013-01-31,102.599998,103.800003,101.750000,102.750000,102.750000,204756
2013-02-01,103.050003,104.699997,102.000000,102.400002,102.400002,298882
2013-02-04,103.300003,103.849998,100.500000,101.300003,101.300003,243439
2013-02-05,101.449997,101.449997,98.000000,98.750000,98.750000,216073
2013-02-06,99.449997,100.800003,98.300003,98.750000,98.750000,280071
2013-02-07,98.949997,99.500000,97.000000,98.250000,98.250000,212539
2013-02-08,98.449997,99.400002,96.699997,97.050003,97.050003,181753
2013-02-11,97.150002,98.300003,96.150002,97.400002,97.400002,213771
2013-02-12,98.050003,98.050003,95.099998,96.949997,96.949997,186978
2013-02-13,97.449997,99.349998,97.000000,97.300003,97.300003,173520
2013-02-14,95.150002,95.750000,85.099998,89.099998,89.099998,1361145
2013-02-15,88.000000,88.900002,83.000000,84.250000,84.250000,485946
2013-02-18,84.250000,84.250000,79.000000,79.849998,79.849998,767842
2013-02-19,80.400002,82.400002,75.199997,77.199997,77.199997,1267967
2013-02-20,77.949997,78.949997,75.599998,76.250000,76.250000,722983
2013-02-21,75.800003,77.250000,73.900002,74.650002,74.650002,666186
2013-02-22,74.949997,75.849998,73.349998,73.849998,73.849998,560168
2013-02-25,74.500000,74.800003,67.650002,68.199997,68.199997,649205
2013-02-26,67.900002,69.400002,64.500000,65.000000,65.000000,496221
2013-02-27,65.750000,66.449997,58.799999,60.500000,60.500000,804451
2013-02-28,62.000000,62.799999,57.299999,58.000000,58.000000,1091998
2013-03-01,58.250000,58.450001,55.000000,56.049999,56.049999,625684
2013-03-04,56.500000,60.450001,55.250000,58.049999,58.049999,1254710
2013-03-05,58.750000,59.700001,57.000000,57.900002,57.900002,568225
2013-03-06,58.049999,62.799999,58.000000,61.700001,61.700001,985967
2013-03-07,61.900002,66.599998,60.500000,65.750000,65.750000,1330376
2013-03-08,66.400002,69.300003,65.699997,67.300003,67.300003,1204697
2013-03-11,67.449997,67.949997,65.550003,66.099998,66.099998,523550
2013-03-12,66.000000,68.150002,64.750000,65.000000,65.000000,595607
2013-03-13,64.199997,64.750000,62.000000,62.349998,62.349998,295268
2013-03-14,62.500000,63.700001,61.099998,62.799999,62.799999,399066
2013-03-15,62.849998,63.849998,59.650002,60.400002,60.400002,399421
2013-03-18,59.599998,60.599998,58.000000,59.400002,59.400002,323834
2013-03-19,59.500000,61.650002,58.200001,58.700001,58.700001,518980
2013-03-20,58.650002,59.750000,55.599998,56.000000,56.000000,457666
2013-03-21,56.299999,56.900002,53.000000,53.400002,53.400002,341898
2013-03-22,52.849998,53.750000,49.700001,50.950001,50.950001,496680
2013-03-25,52.049999,53.650002,51.799999,52.250000,52.250000,553340
2013-03-26,52.000000,52.049999,50.750000,51.349998,51.349998,181802
2013-03-28,51.000000,53.150002,50.150002,52.200001,52.200001,323383
2013-04-01,52.150002,55.400002,51.549999,54.650002,54.650002,442057
2013-04-02,54.000000,59.450001,53.950001,58.500000,58.500000,762798
2013-04-03,58.000000,60.599998,56.700001,57.099998,57.099998,556793
2013-04-04,56.549999,57.400002,54.549999,54.849998,54.849998,185349
2013-04-05,55.000000,56.000000,53.849998,54.450001,54.450001,249244
2013-04-08,54.000000,55.700001,54.000000,54.599998,54.599998,137440
2013-04-09,55.000000,60.049999,54.700001,57.750000,57.750000,1158089
2013-04-10,58.400002,63.500000,58.349998,62.700001,62.700001,2019702
2013-04-11,63.349998,64.900002,61.099998,62.549999,62.549999,775671
2013-04-12,61.799999,62.250000,59.799999,60.250000,60.250000,385868
2013-04-15,60.000000,63.400002,59.450001,61.700001,61.700001,622077
2013-04-16,62.400002,62.900002,60.650002,61.000000,61.000000,242040
2013-04-17,61.500000,62.799999,60.250000,60.799999,60.799999,460490
2013-04-18,61.150002,61.700001,60.099998,60.650002,60.650002,246588
2013-04-22,60.349998,63.200001,60.349998,61.450001,61.450001,409522
2013-04-23,61.549999,65.900002,61.049999,64.400002,64.400002,1572663
2013-04-25,65.300003,67.400002,64.250000,65.300003,65.300003,807237
2013-04-26,65.050003,65.900002,62.349998,63.099998,63.099998,440261
2013-04-29,62.549999,63.750000,62.099998,62.750000,62.750000,233300
2013-04-30,63.000000,63.849998,60.700001,61.900002,61.900002,317574
2013-05-02,61.500000,63.200001,61.500000,61.849998,61.849998,247445
2013-05-03,61.049999,62.000000,60.150002,60.349998,60.349998,238786
2013-05-06,60.000000,61.849998,60.000000,61.250000,61.250000,254234
2013-05-07,61.000000,65.000000,61.000000,63.750000,63.750000,599030
2013-05-08,64.599998,71.449997,64.099998,68.900002,68.900002,2746966
2013-05-09,69.599998,71.000000,68.000000,69.050003,69.050003,1257191
2013-05-10,70.300003,72.250000,69.500000,71.099998,71.099998,869956
2013-05-13,70.199997,71.500000,67.150002,68.000000,68.000000,363745
2013-05-14,68.000000,70.699997,67.300003,69.400002,69.400002,344427
2013-05-15,70.400002,71.900002,70.199997,71.199997,71.199997,520322
2013-05-16,70.250000,73.199997,70.250000,71.400002,71.400002,623523
2013-05-17,71.000000,71.699997,69.000000,70.599998,70.599998,379017
2013-05-20,70.099998,72.349998,69.500000,70.150002,70.150002,337298
2013-05-21,69.400002,70.599998,67.650002,68.150002,68.150002,224038
2013-05-22,68.349998,68.750000,65.550003,66.449997,66.449997,205334
2013-05-23,66.000000,66.400002,61.000000,62.450001,62.450001,304326
2013-05-24,62.099998,63.349998,60.000000,61.299999,61.299999,241370
2013-05-27,61.000000,63.700001,60.599998,63.049999,63.049999,221246
2013-05-28,63.099998,65.800003,62.200001,64.250000,64.250000,390884
2013-05-29,64.099998,65.199997,62.299999,62.799999,62.799999,255468
2013-05-30,62.000000,62.799999,59.500000,60.000000,60.000000,316704
2013-05-31,60.000000,60.500000,51.400002,52.750000,52.750000,688160
2013-06-03,52.099998,53.900002,43.700001,46.450001,46.450001,1465867
2013-06-04,46.000000,48.349998,43.599998,44.250000,44.250000,1001863
2013-06-05,45.000000,45.900002,43.000000,44.299999,44.299999,462541
2013-06-06,44.900002,44.900002,42.500000,42.900002,42.900002,465216
2013-06-07,42.700001,43.799999,38.650002,38.849998,38.849998,1125842
2013-06-10,39.099998,40.250000,35.000000,35.000000,35.000000,789708
2013-06-11,33.250000,33.250000,33.250000,33.250000,33.250000,75183
2013-06-12,31.600000,31.600000,31.600000,31.600000,31.600000,70079
2013-06-13,30.049999,32.349998,30.049999,30.049999,30.049999,1120330
2013-06-14,28.799999,31.549999,28.799999,31.549999,31.549999,1166215
2013-06-17,32.750000,32.750000,30.799999,32.099998,32.099998,699894
2013-06-18,31.950001,33.700001,31.549999,33.650002,33.650002,690699
2013-06-19,33.250000,35.299999,33.250000,35.299999,35.299999,610840
2013-06-20,36.400002,37.049999,34.400002,34.849998,34.849998,872535
2013-06-21,34.500000,35.349998,33.150002,33.150002,33.150002,234224
2013-06-24,32.700001,32.700001,31.500000,31.500000,31.500000,58180
2013-06-25,31.500000,31.650000,29.950001,30.000000,30.000000,517085
2013-06-26,30.000000,30.549999,28.549999,28.799999,28.799999,287729
2013-06-27,29.299999,30.150000,29.100000,29.950001,29.950001,189015
2013-06-28,31.400000,31.400000,31.400000,31.400000,31.400000,44934
2013-07-01,32.950001,32.950001,32.950001,32.950001,32.950001,28920
2013-07-02,34.549999,34.549999,33.500000,34.549999,34.549999,167870
2013-07-03,36.250000,36.250000,33.700001,34.349998,34.349998,548279
2013-07-04,34.000000,35.150002,32.700001,33.900002,33.900002,332104
2013-07-05,34.000000,34.900002,33.000000,33.450001,33.450001,216714
2013-07-08,33.000000,33.950001,31.500000,32.549999,32.549999,151501
2013-07-09,32.500000,35.799999,32.500000,34.349998,34.349998,797870
2013-07-10,34.799999,34.900002,33.250000,34.000000,34.000000,333769
2013-07-11,34.099998,34.900002,33.500000,34.099998,34.099998,292988
2013-07-12,34.000000,34.500000,32.000000,33.250000,33.250000,220597
2013-07-15,33.250000,34.900002,32.750000,33.849998,33.849998,425074
2013-07-16,33.849998,33.849998,31.850000,32.200001,32.200001,322479
2013-07-17,32.099998,33.099998,30.000000,30.299999,30.299999,394029
2013-07-18,30.200001,31.150000,29.299999,30.549999,30.549999,271296
2013-07-19,30.100000,31.049999,29.700001,29.900000,29.900000,245371
2013-07-22,30.650000,31.000000,29.750000,30.250000,30.250000,289807
2013-07-23,29.350000,29.900000,28.799999,29.000000,29.000000,335277
2013-07-24,28.950001,28.950001,27.100000,27.400000,27.400000,199944
2013-07-25,27.400000,27.650000,25.750000,26.000000,26.000000,186599
2013-07-26,26.000000,27.150000,25.100000,25.350000,25.350000,247489
2013-07-29,25.000000,25.000000,23.100000,23.400000,23.400000,206330
2013-07-30,23.000000,24.299999,22.250000,23.900000,23.900000,323565
2013-07-31,24.000000,25.049999,23.500000,24.750000,24.750000,292233
2013-08-01,25.850000,25.950001,24.150000,24.650000,24.650000,320597
2013-08-02,24.000000,25.850000,23.950001,25.799999,25.799999,293147
2013-08-05,26.000000,27.049999,24.600000,25.250000,25.250000,276315
2013-08-06,24.650000,26.000000,24.250000,24.400000,24.400000,121260
2013-08-07,24.000000,25.100000,23.500000,24.799999,24.799999,125263
2013-08-08,24.799999,25.450001,24.350000,25.150000,25.150000,105957
2013-08-12,25.150000,26.400000,25.150000,26.400000,26.400000,133322
2013-08-13,27.400000,27.600000,25.799999,26.600000,26.600000,139562
2013-08-14,26.600000,27.500000,26.500000,27.000000,27.000000,126257
2013-08-16,26.900000,27.350000,25.650000,25.700001,25.700001,86782
2013-08-19,25.850000,26.299999,24.450001,24.950001,24.950001,90453
2013-08-20,25.450001,26.150000,24.299999,26.150000,26.150000,135217
2013-08-21,27.450001,27.450001,26.299999,27.250000,27.250000,211658
2013-08-22,27.500000,28.600000,26.150000,28.600000,28.600000,192926
2013-08-23,30.000000,30.000000,30.000000,30.000000,30.000000,40865
2013-08-26,31.500000,31.500000,29.299999,31.500000,31.500000,285941
2013-08-27,31.500000,32.900002,30.049999,30.450001,30.450001,205403
2013-08-28,30.299999,31.200001,29.000000,30.150000,30.150000,123787
2013-08-29,30.000000,31.150000,29.700001,30.500000,30.500000,169744
2013-08-30,29.700001,30.000000,29.049999,29.450001,29.450001,39901
2013-09-02,29.900000,30.900000,29.450001,30.200001,30.200001,43751
2013-09-03,30.200001,30.750000,28.850000,29.049999,29.049999,26527
2013-09-04,28.900000,29.750000,28.250000,28.900000,28.900000,26707
2013-09-05,29.400000,30.299999,29.250000,30.299999,30.299999,31088
2013-09-06,30.350000,31.799999,30.350000,31.799999,31.799999,42507
2013-09-10,33.349998,33.349998,33.349998,33.349998,33.349998,34846
2013-09-11,35.000000,35.000000,35.000000,35.000000,35.000000,23465
2013-09-12,36.750000,36.750000,36.750000,36.750000,36.750000,44368
2013-09-13,38.549999,38.549999,36.099998,38.549999,38.549999,371410
2013-09-16,39.900002,40.000000,36.650002,36.900002,36.900002,175555
2013-09-17,36.400002,37.400002,35.099998,37.000000,37.000000,96763
2013-09-18,36.049999,37.849998,36.000000,37.299999,37.299999,89170
2013-09-19,38.000000,38.500000,36.000000,37.700001,37.700001,204508
2013-09-20,37.500000,37.500000,35.849998,35.900002,35.900002,606143
2013-09-23,35.099998,35.849998,34.400002,35.250000,35.250000,42941
2013-09-24,34.200001,37.000000,34.200001,35.700001,35.700001,253420
2013-09-25,37.450001,37.450001,36.000000,36.200001,36.200001,83473
2013-09-26,37.099998,37.099998,34.750000,34.900002,34.900002,44481
2013-09-27,35.000000,35.500000,33.200001,33.299999,33.299999,64974
2013-09-30,33.200001,33.200001,31.650000,31.900000,31.900000,34339
2013-10-01,31.000000,33.450001,31.000000,33.450001,33.450001,88534
2013-10-03,32.799999,35.099998,32.650002,35.099998,35.099998,38836
2013-10-04,35.099998,36.849998,34.200001,36.849998,36.849998,127215
2013-10-07,36.000000,38.549999,35.799999,38.150002,38.150002,63279
2013-10-08,39.000000,39.349998,37.500000,38.900002,38.900002,72229
2013-10-09,39.549999,39.549999,37.250000,38.049999,38.049999,65604
2013-10-10,37.500000,38.700001,37.049999,37.750000,37.750000,46659
2013-10-11,39.299999,39.299999,37.049999,37.299999,37.299999,17159
2013-10-14,38.000000,38.599998,37.099998,37.250000,37.250000,39689
2013-10-15,36.400002,37.500000,35.400002,35.849998,35.849998,39802
2013-10-17,35.099998,37.000000,35.099998,35.599998,35.599998,18697
2013-10-18,35.049999,36.750000,35.049999,36.049999,36.049999,22026
2013-10-21,36.950001,36.950001,35.500000,36.450001,36.450001,67815
2013-10-22,36.049999,37.150002,35.099998,35.500000,35.500000,77704
2013-10-23,35.200001,36.450001,34.200001,34.500000,34.500000,85174
2013-10-24,34.500000,35.200001,33.599998,33.799999,33.799999,93691
2013-10-25,33.799999,35.299999,33.049999,33.549999,33.549999,64118
2013-10-28,33.549999,34.349998,33.000000,33.500000,33.500000,40402
2013-10-29,33.000000,34.250000,32.500000,33.599998,33.599998,145059
2013-10-30,34.000000,34.500000,33.599998,34.299999,34.299999,54576
2013-10-31,33.599998,36.000000,33.599998,35.700001,35.700001,232248
2013-11-01,36.000000,37.200001,35.099998,36.250000,36.250000,378013
2013-11-05,36.400002,37.500000,36.000000,37.250000,37.250000,77145
2013-11-06,37.900002,38.000000,36.200001,36.349998,36.349998,61241
2013-11-07,37.750000,37.750000,35.599998,35.799999,35.799999,61248
2013-11-08,35.799999,35.799999,34.700001,34.849998,34.849998,31843
2013-11-11,34.849998,35.799999,33.500000,33.750000,33.750000,43052
2013-11-12,35.400002,35.400002,33.000000,35.400002,35.400002,223798
2013-11-13,35.700001,36.299999,33.650002,33.650002,33.650002,118707
2013-11-14,33.250000,34.400002,33.250000,33.500000,33.500000,40473
2013-11-18,33.500000,34.450001,33.099998,33.500000,33.500000,52353
2013-11-19,34.099998,34.950001,33.200001,34.650002,34.650002,59484
2013-11-20,34.650002,35.000000,34.500000,34.599998,34.599998,75556
2013-11-21,34.000000,34.500000,33.250000,33.400002,33.400002,39260
2013-11-22,33.599998,33.700001,33.000000,33.049999,33.049999,55369
2013-11-25,33.700001,34.700001,33.500000,34.700001,34.700001,67041
2013-11-26,36.000000,36.000000,34.000000,34.049999,34.049999,83262
2013-11-27,34.950001,34.950001,33.000000,33.849998,33.849998,44982
2013-11-28,33.500000,34.799999,33.000000,34.000000,34.000000,44078
2013-11-29,34.750000,35.200001,34.049999,34.200001,34.200001,132196
2013-12-02,34.700001,35.400002,33.549999,33.849998,33.849998,169025
2013-12-03,34.349998,35.500000,33.400002,35.500000,35.500000,233578
2013-12-04,37.250000,37.250000,35.000000,37.000000,37.000000,952998
2013-12-05,38.500000,38.500000,35.849998,36.250000,36.250000,152028
2013-12-06,36.950001,36.950001,35.250000,35.750000,35.750000,98365
2013-12-09,37.000000,37.000000,35.299999,35.450001,35.450001,111939
2013-12-10,35.049999,35.599998,34.500000,35.049999,35.049999,47875
2013-12-11,34.299999,34.900002,33.950001,34.599998,34.599998,77397
2013-12-12,34.099998,36.200001,34.049999,34.299999,34.299999,112912
2013-12-13,34.500000,34.500000,33.000000,33.150002,33.150002,102463
2013-12-16,33.900002,34.000000,33.200001,33.750000,33.750000,103340
2013-12-17,33.900002,35.299999,33.400002,33.750000,33.750000,188405
2013-12-18,33.250000,34.500000,33.250000,33.900002,33.900002,59920
2013-12-19,34.000000,34.500000,33.049999,33.200001,33.200001,70426
2013-12-20,33.549999,34.849998,33.549999,34.849998,34.849998,93568
2013-12-23,36.549999,36.549999,35.049999,36.150002,36.150002,548822
2013-12-24,36.200001,37.150002,35.400002,35.750000,35.750000,260990
2013-12-26,36.099998,37.500000,35.700001,37.400002,37.400002,409061
2013-12-27,38.000000,39.250000,36.349998,39.250000,39.250000,952813
2013-12-30,40.099998,41.099998,37.549999,40.099998,40.099998,529531
2013-12-31,40.900002,41.150002,39.650002,40.200001,40.200001,264095
2014-01-01,40.750000,40.750000,39.799999,40.400002,40.400002,203409
2014-01-02,40.400002,42.400002,39.500000,40.049999,40.049999,986682
2014-01-03,40.000000,41.450001,38.750000,40.650002,40.650002,394193
2014-01-06,40.700001,42.150002,40.049999,41.349998,41.349998,466497
2014-01-07,43.000000,45.450001,42.500000,45.000000,45.000000,1774027
2014-01-08,45.900002,47.200001,43.500000,44.000000,44.000000,1096533
2014-01-09,44.250000,44.900002,42.200001,42.450001,42.450001,419460
2014-01-10,42.849998,43.900002,41.099998,41.700001,41.700001,316757
2014-01-13,42.549999,44.349998,42.250000,42.750000,42.750000,468952
2014-01-14,42.299999,43.799999,42.150002,42.299999,42.299999,174625
2014-01-15,42.450001,43.200001,41.950001,42.299999,42.299999,137349
2014-01-16,42.950001,45.200001,40.700001,43.650002,43.650002,529674
2014-01-17,43.299999,44.150002,41.549999,41.750000,41.750000,327839
2014-01-20,42.049999,42.799999,41.099998,41.450001,41.450001,151980
2014-01-21,41.500000,42.650002,40.700001,40.849998,40.849998,166742
2014-01-22,40.599998,42.099998,40.599998,40.849998,40.849998,165404
2014-01-23,40.599998,42.200001,40.500000,41.700001,41.700001,217657
2014-01-24,40.650002,41.599998,39.200001,39.400002,39.400002,210553
2014-01-27,39.000000,39.150002,36.500000,37.000000,37.000000,175518
2014-01-28,37.000000,37.950001,36.299999,37.549999,37.549999,131568
2014-01-29,37.450001,38.400002,37.099998,37.500000,37.500000,103162
2014-01-30,36.900002,36.900002,35.549999,36.400002,36.400002,112126
2014-01-31,36.400002,38.700001,36.400002,37.950001,37.950001,204009
2014-02-03,38.000000,39.549999,37.599998,37.950001,37.950001,214692
2014-02-04,37.650002,37.900002,36.000000,36.849998,36.849998,137706
2014-02-05,37.150002,38.549999,36.650002,37.549999,37.549999,262070
2014-02-06,37.200001,38.500000,36.849998,37.299999,37.299999,198011
2014-02-07,37.349998,37.849998,36.900002,37.299999,37.299999,117185
2014-02-10,37.650002,37.900002,36.549999,36.700001,36.700001,110717
2014-02-11,36.750000,37.200001,35.599998,35.799999,35.799999,179558
2014-02-12,36.250000,36.700001,35.500000,35.599998,35.599998,122701
2014-02-13,35.750000,35.900002,33.900002,34.099998,34.099998,128389
2014-02-14,34.500000,34.500000,33.099998,34.000000,34.000000,187589
2014-02-17,35.599998,35.599998,33.099998,33.599998,33.599998,96734
2014-02-18,33.549999,34.599998,33.500000,34.250000,34.250000,95866
2014-02-19,33.599998,35.099998,33.599998,34.349998,34.349998,114139
2014-02-20,34.000000,34.349998,33.750000,34.000000,34.000000,59197
2014-02-21,33.799999,34.599998,33.500000,33.799999,33.799999,100147
2014-02-24,34.250000,35.250000,33.700001,34.349998,34.349998,194949
2014-02-25,34.400002,34.650002,33.250000,33.650002,33.650002,135473
2014-02-26,33.349998,34.349998,33.349998,33.950001,33.950001,76678
2014-02-28,34.099998,34.299999,33.400002,33.900002,33.900002,104767
2014-03-03,34.000000,34.000000,32.950001,33.150002,33.150002,134363
2014-03-04,33.599998,33.700001,32.500000,33.549999,33.549999,119899
2014-03-05,33.650002,34.599998,33.450001,33.950001,33.950001,158251
2014-03-06,34.000000,37.299999,34.000000,37.299999,37.299999,424283
2014-03-07,39.400002,44.349998,38.700001,43.000000,43.000000,1833226
2014-03-10,43.000000,46.599998,42.700001,45.049999,45.049999,1230865
2014-03-11,45.599998,46.000000,43.500000,44.950001,44.950001,411807
2014-03-12,45.099998,45.099998,43.650002,44.000000,44.000000,180443
2014-03-13,44.200001,47.900002,43.700001,44.349998,44.349998,931835
2014-03-14,43.799999,45.599998,43.299999,44.849998,44.849998,371227
2014-03-18,45.000000,46.200001,44.250000,44.799999,44.799999,249677
2014-03-19,45.150002,45.450001,43.500000,43.750000,43.750000,146755
2014-03-20,44.000000,44.500000,42.049999,42.250000,42.250000,137205
2014-03-21,42.799999,43.650002,42.000000,42.349998,42.349998,137398
2014-03-22,null,null,null,null,null,null
2014-03-24,42.500000,43.599998,42.150002,42.500000,42.500000,208540
2014-03-25,42.299999,42.299999,40.750000,41.099998,41.099998,268732
2014-03-26,41.099998,47.250000,41.099998,45.450001,45.450001,1378937
2014-03-27,44.700001,46.650002,44.700001,45.599998,45.599998,518128
2014-03-28,46.000000,49.450001,44.799999,47.450001,47.450001,1139644
2014-03-31,47.500000,49.400002,46.549999,47.400002,47.400002,488276
2014-04-01,48.200001,49.000000,46.250000,46.700001,46.700001,357972
2014-04-02,46.549999,51.250000,46.450001,50.099998,50.099998,1259859
2014-04-03,50.200001,50.799999,47.549999,48.049999,48.049999,506938
2014-04-04,48.400002,51.549999,47.299999,50.549999,50.549999,1053817
2014-04-07,50.950001,52.900002,50.500000,52.099998,52.099998,904882
2014-04-09,52.200001,54.200001,50.900002,52.849998,52.849998,898373
2014-04-10,53.000000,54.700001,52.500000,52.799999,52.799999,732454
2014-04-11,52.450001,54.599998,51.900002,52.799999,52.799999,651827
2014-04-15,53.000000,53.450001,51.200001,51.599998,51.599998,275018
2014-04-16,51.500000,52.250000,47.650002,48.049999,48.049999,437890
2014-04-17,48.700001,49.799999,48.150002,48.599998,48.599998,367511
2014-04-21,48.500000,50.099998,48.500000,48.700001,48.700001,347515
2014-04-22,48.799999,50.900002,48.700001,48.900002,48.900002,413063
2014-04-23,49.299999,55.250000,49.200001,53.250000,53.250000,3283200
2014-04-24,53.250000,53.250000,53.250000,53.250000,53.250000,0
2014-04-25,54.000000,54.400002,51.250000,51.650002,51.650002,1017563
2014-04-28,51.950001,52.799999,51.000000,51.349998,51.349998,443149
2014-04-29,51.750000,51.750000,49.200001,49.450001,49.450001,424210
2014-04-30,49.849998,50.700001,45.000000,46.500000,46.500000,749813
2014-05-02,47.700001,48.000000,45.750000,46.099998,46.099998,266540
2014-05-05,46.200001,47.150002,44.200001,44.700001,44.700001,453591
2014-05-06,44.700001,46.750000,44.700001,45.200001,45.200001,515439
2014-05-07,45.200001,48.500000,45.200001,46.700001,46.700001,987811
2014-05-08,47.049999,47.200001,45.150002,45.299999,45.299999,244543
2014-05-09,45.500000,47.000000,45.000000,45.849998,45.849998,544320
2014-05-12,46.200001,47.500000,45.349998,45.750000,45.750000,422037
2014-05-13,46.299999,50.400002,45.799999,48.549999,48.549999,1316473
2014-05-14,49.200001,50.599998,48.650002,49.250000,49.250000,742503
2014-05-15,49.700001,50.450001,47.250000,47.650002,47.650002,480150
2014-05-16,48.599998,49.950001,47.700001,48.650002,48.650002,418923
2014-05-19,48.599998,58.349998,48.599998,58.200001,58.200001,3698328
2014-05-20,59.400002,64.400002,57.049999,63.000000,63.000000,2523243
2014-05-21,65.099998,69.199997,64.500000,65.949997,65.949997,2268605
2014-05-22,66.599998,67.900002,63.500000,64.349998,64.349998,893982
2014-05-23,64.949997,67.800003,64.699997,66.400002,66.400002,850645
2014-05-26,67.550003,68.900002,59.000000,62.150002,62.150002,1010038
2014-05-27,61.000000,62.000000,57.000000,59.400002,59.400002,640317
2014-05-28,59.849998,63.799999,59.500000,61.900002,61.900002,736347
2014-05-29,61.299999,62.250000,59.000000,60.000000,60.000000,357269
2014-05-30,59.750000,60.599998,58.200001,58.900002,58.900002,347132
2014-06-02,58.750000,62.750000,57.150002,62.150002,62.150002,961205
2014-06-03,62.700001,64.400002,60.750000,63.099998,63.099998,770934
2014-06-04,63.549999,65.750000,63.500000,65.050003,65.050003,1674588
2014-06-05,67.750000,68.699997,66.500000,66.900002,66.900002,1921220
2014-06-06,67.900002,69.500000,66.699997,67.250000,67.250000,1218395
2014-06-09,67.500000,73.800003,67.199997,72.750000,72.750000,5274687
2014-06-10,73.449997,75.650002,69.300003,74.199997,74.199997,2862342
2014-06-11,74.199997,76.699997,70.550003,71.400002,71.400002,1962198
2014-06-12,71.000000,72.349998,68.750000,69.300003,69.300003,944235
2014-06-13,71.000000,71.849998,63.650002,65.199997,65.199997,1359014
2014-06-16,65.000000,65.500000,61.650002,64.099998,64.099998,873746
2014-06-17,63.849998,66.800003,63.200001,66.099998,66.099998,706073
2014-06-18,66.150002,67.849998,63.099998,64.000000,64.000000,711394
2014-06-19,64.199997,65.449997,62.700001,63.200001,63.200001,381911
2014-06-20,62.650002,64.550003,61.900002,62.299999,62.299999,366233
2014-06-23,62.400002,63.799999,61.099998,63.400002,63.400002,424492
2014-06-24,64.000000,68.800003,63.750000,67.550003,67.550003,1684643
2014-06-25,67.300003,68.300003,66.300003,66.800003,66.800003,640105
2014-06-26,65.300003,66.050003,63.799999,64.099998,64.099998,571880
2014-06-27,64.449997,65.750000,55.599998,58.250000,58.250000,1982363
2014-06-30,58.799999,60.650002,58.799999,59.799999,59.799999,817107
2014-07-01,60.700001,61.000000,59.400002,59.599998,59.599998,593013
2014-07-02,60.099998,61.000000,59.150002,59.349998,59.349998,808359
2014-07-03,59.500000,59.900002,57.849998,58.049999,58.049999,459573
2014-07-04,58.000000,60.049999,57.900002,58.849998,58.849998,760922
2014-07-07,59.150002,59.650002,57.200001,58.299999,58.299999,692270
2014-07-08,58.349998,60.000000,54.200001,54.849998,54.849998,901254
2014-07-09,54.950001,57.250000,53.000000,53.799999,53.799999,765163
2014-07-10,54.250000,56.750000,52.099998,54.799999,54.799999,567150
2014-07-11,54.549999,55.250000,49.500000,50.250000,50.250000,557477
2014-07-14,50.500000,51.500000,49.650002,50.450001,50.450001,508739
2014-07-15,50.950001,53.000000,50.799999,52.599998,52.599998,418981
2014-07-16,52.500000,54.250000,52.500000,53.400002,53.400002,458696
2014-07-17,53.000000,54.150002,52.500000,53.099998,53.099998,442484
2014-07-18,52.500000,53.000000,51.900002,52.150002,52.150002,337191
2014-07-21,52.500000,53.900002,52.500000,52.900002,52.900002,379572
2014-07-22,52.950001,60.200001,52.950001,59.299999,59.299999,4979794
2014-07-23,59.950001,60.950001,56.650002,57.200001,57.200001,2214450
2014-07-24,57.299999,59.450001,56.200001,57.700001,57.700001,1543344
2014-07-25,58.000000,58.299999,55.000000,55.400002,55.400002,765083
2014-07-28,55.650002,55.650002,52.250000,52.549999,52.549999,522633
2014-07-30,52.400002,53.500000,51.500000,52.299999,52.299999,417696
2014-07-31,52.049999,53.950001,52.049999,52.599998,52.599998,429297
2014-08-01,52.049999,53.700001,50.599998,51.099998,51.099998,546125
2014-08-04,51.000000,53.450001,51.000000,53.000000,53.000000,455113
2014-08-05,53.000000,54.000000,52.099998,53.700001,53.700001,362265
2014-08-06,53.200001,54.599998,51.549999,52.200001,52.200001,467721
2014-08-07,52.000000,53.000000,51.349998,52.000000,52.000000,299382
2014-08-08,51.000000,51.400002,49.500000,49.900002,49.900002,296936
2014-08-11,50.349998,51.349998,47.450001,47.950001,47.950001,547160
2014-08-12,48.400002,49.900002,48.400002,49.299999,49.299999,299363
2014-08-13,49.450001,51.299999,47.500000,48.049999,48.049999,686745
2014-08-14,47.750000,48.750000,46.500000,47.500000,47.500000,400562
2014-08-18,47.150002,50.200001,46.549999,49.500000,49.500000,426560
2014-08-19,50.000000,51.950001,49.599998,51.450001,51.450001,805174
2014-08-20,51.900002,53.000000,51.400002,52.049999,52.049999,790926
2014-08-21,51.799999,53.799999,50.950001,51.799999,51.799999,685470
2014-08-22,51.750000,51.900002,49.950001,50.250000,50.250000,436108
2014-08-25,50.400002,52.200001,49.500000,50.650002,50.650002,684591
2014-08-26,50.799999,52.250000,50.049999,51.650002,51.650002,554337
2014-08-27,51.500000,52.750000,50.799999,51.000000,51.000000,443139
2014-08-28,50.799999,51.450001,49.700001,49.950001,49.950001,289510
2014-09-01,50.400002,51.900002,50.349998,51.599998,51.599998,417605
2014-09-02,51.599998,57.650002,51.500000,56.799999,56.799999,3690351
2014-09-03,57.450001,59.650002,56.599998,57.650002,57.650002,2620842
2014-09-04,57.650002,57.700001,54.500000,55.750000,55.750000,774571
2014-09-05,55.200001,56.099998,53.500000,54.099998,54.099998,575335
2014-09-08,54.299999,58.400002,54.299999,57.750000,57.750000,1242103
2014-09-09,58.000000,58.299999,56.099998,57.000000,57.000000,613494
2014-09-10,56.799999,62.700001,56.150002,61.700001,61.700001,3512601
2014-09-11,62.549999,74.000000,62.500000,71.349998,71.349998,12511369
2014-09-12,71.599998,75.500000,67.400002,68.699997,68.699997,4142911
2014-09-15,66.349998,72.500000,66.349998,70.050003,70.050003,2588793
2014-09-16,70.050003,71.800003,64.099998,65.650002,65.650002,1579629
2014-09-17,66.150002,68.550003,64.099998,66.050003,66.050003,1004433
2014-09-18,66.400002,70.650002,64.949997,69.150002,69.150002,1555660
2014-09-19,69.300003,69.400002,66.400002,66.849998,66.849998,744566
2014-09-22,66.099998,66.949997,64.650002,65.150002,65.150002,663621
2014-09-23,65.550003,65.800003,61.500000,61.849998,61.849998,834310
2014-09-24,61.349998,62.400002,58.000000,59.000000,59.000000,783615
2014-09-25,58.549999,59.599998,50.250000,53.200001,53.200001,930741
2014-09-26,52.700001,55.799999,51.099998,55.150002,55.150002,730264
2014-09-29,55.049999,63.299999,54.700001,61.349998,61.349998,2199358
2014-09-30,60.650002,62.400002,58.099998,59.549999,59.549999,1023957
2014-10-01,59.599998,61.500000,58.000000,58.349998,58.349998,504653
2014-10-07,57.700001,59.599998,55.450001,55.750000,55.750000,428570
2014-10-08,55.250000,57.400002,54.900002,56.250000,56.250000,478777
2014-10-09,57.400002,61.799999,57.000000,60.150002,60.150002,1410478
2014-10-10,59.250000,60.150002,57.500000,58.500000,58.500000,1066369
2014-10-13,57.799999,61.200001,56.849998,60.349998,60.349998,975798
2014-10-14,60.349998,60.900002,58.099998,58.549999,58.549999,699151
2014-10-15,58.549999,58.549999,58.549999,58.549999,58.549999,0
2014-10-16,58.099998,60.299999,57.000000,57.250000,57.250000,1018654
2014-10-17,57.700001,58.349998,56.000000,56.750000,56.750000,478892
2014-10-20,58.500000,61.950001,58.500000,59.700001,59.700001,1984525
2014-10-21,59.599998,59.750000,57.599998,58.450001,58.450001,545355
2014-10-22,59.349998,59.349998,57.500000,57.849998,57.849998,505899
2014-10-27,58.500000,59.000000,57.200001,57.450001,57.450001,324151
2014-10-28,57.099998,64.699997,57.099998,61.849998,61.849998,4322124
2014-10-29,62.200001,63.400002,58.849998,60.000000,60.000000,2040301
2014-10-30,60.400002,61.849998,59.099998,59.549999,59.549999,1540868
2014-10-31,60.299999,61.799999,59.900002,60.650002,60.650002,1018824
2014-11-03,61.799999,62.400002,56.849998,57.150002,57.150002,2431307
2014-11-05,57.700001,58.500000,50.750000,51.450001,51.450001,3355097
2014-11-07,52.150002,53.400002,51.099998,52.250000,52.250000,1885619
2014-11-10,52.849998,54.349998,52.099998,53.099998,53.099998,1404120
2014-11-11,53.400002,54.450001,52.500000,53.349998,53.349998,1043615
2014-11-12,53.700001,54.200001,52.599998,52.950001,52.950001,758908
2014-11-13,53.400002,53.450001,51.099998,51.400002,51.400002,615096
2014-11-14,51.000000,51.900002,49.400002,49.750000,49.750000,1058964
2014-11-17,49.500000,51.950001,48.799999,50.950001,50.950001,1041317
2014-11-18,50.500000,51.500000,48.299999,48.900002,48.900002,1256219
2014-11-19,49.299999,50.799999,48.700001,49.349998,49.349998,1071259
2014-11-20,49.500000,50.400002,47.549999,48.099998,48.099998,974198
2014-11-21,48.900002,49.599998,48.200001,48.450001,48.450001,876366
2014-11-24,48.500000,49.750000,47.549999,48.250000,48.250000,992878
2014-11-25,47.799999,48.450001,44.500000,44.700001,44.700001,1573514
2014-11-26,44.299999,46.400002,44.099998,45.450001,45.450001,835576
2014-11-27,45.250000,46.900002,45.250000,45.650002,45.650002,609177
2014-11-28,45.549999,46.799999,44.750000,44.900002,44.900002,734233
2014-12-01,44.650002,45.250000,42.599998,42.849998,42.849998,608441
2014-12-02,42.549999,44.349998,42.000000,43.400002,43.400002,752886
2014-12-03,43.200001,45.450001,43.200001,44.450001,44.450001,1007257
2014-12-04,44.900002,46.099998,43.549999,44.349998,44.349998,1070518
2014-12-05,44.450001,45.799999,43.900002,44.250000,44.250000,674485
2014-12-08,44.049999,45.400002,43.299999,43.900002,43.900002,489763
2014-12-09,43.549999,44.250000,42.099998,42.349998,42.349998,353921
2014-12-10,43.450001,45.150002,43.150002,44.599998,44.599998,1764391
2014-12-11,44.700001,44.700001,43.000000,43.250000,43.250000,478069
2014-12-12,42.799999,43.599998,40.450001,40.750000,40.750000,552245
2014-12-15,40.099998,40.299999,38.900002,39.099998,39.099998,586721
2014-12-16,38.700001,38.700001,34.099998,34.299999,34.299999,1238685
2014-12-17,34.000000,35.400002,31.750000,33.849998,33.849998,1171967
2014-12-18,34.500000,35.349998,34.000000,34.500000,34.500000,945809
2014-12-19,34.849998,35.849998,32.650002,33.150002,33.150002,932352
2014-12-22,32.799999,33.750000,32.000000,32.799999,32.799999,812719
2014-12-23,33.000000,33.500000,32.099998,32.650002,32.650002,483318
2014-12-24,32.500000,33.200001,32.150002,32.500000,32.500000,520299
2014-12-26,32.349998,32.799999,32.099998,32.349998,32.349998,341468
2014-12-29,32.099998,36.950001,32.099998,36.299999,36.299999,2716465
2014-12-30,36.400002,37.099998,35.049999,35.950001,35.950001,1383375
2014-12-31,35.599998,35.900002,35.049999,35.299999,35.299999,392705
2015-01-01,35.299999,36.900002,35.099998,36.500000,36.500000,775353
2015-01-02,36.250000,37.700001,35.400002,36.150002,36.150002,1307660
2015-01-05,36.349998,36.650002,35.250000,35.650002,35.650002,591510
2015-01-06,35.549999,35.549999,33.250000,33.500000,33.500000,617463
2015-01-07,33.250000,33.900002,32.500000,33.450001,33.450001,471949
2015-01-08,33.750000,35.250000,33.750000,34.650002,34.650002,587096
2015-01-09,34.599998,36.400002,34.299999,35.849998,35.849998,1274692
2015-01-12,36.000000,36.200001,35.200001,35.650002,35.650002,504375
2015-01-13,35.500000,35.750000,33.900002,34.250000,34.250000,485690
2015-01-14,34.200001,34.799999,33.500000,33.750000,33.750000,345370
2015-01-15,34.849998,35.150002,33.900002,34.349998,34.349998,546674
2015-01-16,34.099998,34.799999,33.700001,33.950001,33.950001,373991
2015-01-19,34.000000,34.799999,33.799999,34.099998,34.099998,366939
2015-01-20,33.950001,35.599998,33.950001,34.599998,34.599998,693829
2015-01-21,34.549999,34.849998,33.900002,34.049999,34.049999,482688
2015-01-22,33.950001,34.400002,33.099998,33.400002,33.400002,354138
2015-01-23,34.200001,34.200001,33.000000,33.349998,33.349998,423287
2015-01-27,33.599998,33.750000,32.849998,33.049999,33.049999,284418
2015-01-28,33.000000,33.900002,32.500000,32.900002,32.900002,455345
2015-01-29,33.000000,33.849998,32.500000,32.700001,32.700001,471439
2015-01-30,33.049999,33.500000,32.549999,32.849998,32.849998,459920
2015-02-02,33.049999,33.799999,32.799999,32.849998,32.849998,610078
2015-02-03,33.400002,38.400002,32.950001,37.299999,37.299999,4486070
2015-02-04,38.400002,42.599998,38.099998,39.099998,39.099998,7552071
2015-02-05,38.900002,38.900002,36.150002,36.349998,36.349998,1473025
2015-02-06,35.700001,37.849998,35.700001,36.400002,36.400002,1032849
2015-02-09,35.950001,37.099998,35.099998,35.299999,35.299999,639125
2015-02-10,35.400002,36.150002,33.900002,34.650002,34.650002,611054
2015-02-11,34.349998,35.299999,33.750000,34.700001,34.700001,705596
2015-02-12,34.500000,36.700001,34.200001,36.150002,36.150002,1161346
2015-02-13,36.500000,36.950001,35.250000,35.500000,35.500000,674129
2015-02-16,35.950001,36.250000,34.500000,34.650002,34.650002,757878
2015-02-18,34.299999,41.549999,34.250000,41.549999,41.549999,7215533
2015-02-19,42.799999,44.150002,40.650002,42.500000,42.500000,6231786
2015-02-20,42.599998,42.700001,40.299999,40.750000,40.750000,1486673
2015-02-23,40.900002,42.650002,40.150002,40.500000,40.500000,1236906
2015-02-24,40.400002,48.400002,40.400002,47.500000,47.500000,16186843
2015-02-25,48.549999,54.500000,48.500000,50.900002,50.900002,19319216
2015-02-26,51.400002,51.450001,47.099998,47.950001,47.950001,5321377
2015-02-27,48.000000,51.799999,47.150002,50.400002,50.400002,6555827
2015-02-28,null,null,null,null,null,null
2015-03-02,48.299999,51.349998,47.500000,49.700001,49.700001,3263123
2015-03-03,50.000000,52.500000,49.000000,51.250000,51.250000,3875724
2015-03-04,51.599998,53.150002,47.599998,48.349998,48.349998,2592783
2015-03-05,48.849998,50.299999,48.000000,48.599998,48.599998,1491957
2015-03-09,48.250000,48.900002,46.250000,46.549999,46.549999,1252287
2015-03-10,47.000000,47.700001,44.650002,45.250000,45.250000,1120994
2015-03-11,45.500000,45.549999,43.200001,43.400002,43.400002,1033839
2015-03-12,43.799999,47.200001,42.000000,46.049999,46.049999,2839790
2015-03-13,46.750000,48.150002,44.750000,45.200001,45.200001,1950533
2015-03-16,45.450001,45.599998,42.400002,43.400002,43.400002,1241640
2015-03-17,43.799999,44.500000,41.500000,42.450001,42.450001,1200453
2015-03-18,42.450001,42.700001,41.049999,42.000000,42.000000,853642
2015-03-19,42.549999,44.250000,41.599998,42.000000,42.000000,1049129
2015-03-20,41.849998,43.000000,40.900002,41.299999,41.299999,758547
2015-03-23,41.549999,42.000000,38.750000,39.049999,39.049999,762791
2015-03-24,39.049999,39.650002,37.349998,37.650002,37.650002,668139
2015-03-25,37.849998,38.099998,36.450001,36.799999,36.799999,522857
2015-03-26,36.299999,38.000000,36.200001,36.849998,36.849998,746228
2015-03-27,37.349998,38.200001,35.950001,36.750000,36.750000,747788
2015-03-30,37.650002,39.450001,36.250000,38.299999,38.299999,1408034
2015-03-31,38.500000,38.650002,36.450001,36.799999,36.799999,1769444
2015-04-01,36.599998,39.150002,36.549999,38.500000,38.500000,1054401
2015-04-06,38.400002,40.200001,38.299999,39.599998,39.599998,1189313
2015-04-07,40.700001,42.000000,40.349998,41.400002,41.400002,2118535
2015-04-08,41.750000,42.549999,40.799999,41.349998,41.349998,1148612
2015-04-09,41.599998,43.599998,40.849998,42.299999,42.299999,1572238
2015-04-10,42.400002,43.400002,42.000000,42.599998,42.599998,939009
2015-04-13,42.750000,48.200001,42.599998,46.950001,46.950001,4278636
2015-04-15,47.200001,47.349998,44.000000,44.299999,44.299999,1826828
2015-04-16,44.650002,45.799999,43.299999,44.349998,44.349998,1304117
2015-04-17,44.599998,46.000000,43.650002,44.049999,44.049999,1877848
2015-04-20,44.250000,44.400002,41.500000,42.150002,42.150002,786662
2015-04-21,42.099998,43.000000,40.299999,41.150002,41.150002,755323
2015-04-22,41.700001,42.250000,40.650002,41.500000,41.500000,726367
2015-04-23,41.599998,42.700001,41.150002,41.799999,41.799999,793698
2015-04-24,41.950001,42.000000,39.250000,39.650002,39.650002,706855
2015-04-27,39.750000,40.049999,36.200001,37.000000,37.000000,741991
2015-04-28,36.900002,38.500000,36.500000,37.849998,37.849998,703903
2015-04-29,37.950001,39.250000,37.299999,38.150002,38.150002,640166
2015-04-30,38.049999,38.799999,37.750000,37.950001,37.950001,495396
2015-05-04,38.250000,39.750000,38.200001,39.250000,39.250000,579074
2015-05-05,39.400002,40.099998,38.700001,39.049999,39.049999,557680
2015-05-06,38.900002,39.799999,37.650002,37.900002,37.900002,539526
2015-05-07,37.849998,38.500000,36.000000,36.500000,36.500000,478417
2015-05-08,37.099998,37.900002,36.750000,37.250000,37.250000,376135
2015-05-11,37.750000,38.750000,37.299999,37.750000,37.750000,541257
2015-05-12,37.799999,37.799999,36.000000,36.400002,36.400002,333953
2015-05-13,36.750000,37.450001,36.200001,36.849998,36.849998,546708
2015-05-14,36.849998,37.400002,36.250000,36.900002,36.900002,497452
2015-05-15,37.000000,37.549999,36.849998,37.049999,37.049999,422617
2015-05-18,37.150002,38.299999,37.000000,37.849998,37.849998,536670
2015-05-19,38.849998,43.549999,37.950001,42.250000,42.250000,5332758
2015-05-20,42.549999,43.500000,40.700001,41.250000,41.250000,1417779
2015-05-21,41.250000,41.250000,38.549999,39.000000,39.000000,894309
2015-05-22,39.250000,40.450001,38.849998,39.099998,39.099998,642937
2015-05-25,38.900002,40.200001,38.549999,38.849998,38.849998,582764
2015-05-26,39.049999,39.599998,38.049999,38.349998,38.349998,558788
2015-05-27,37.900002,38.900002,37.900002,38.599998,38.599998,348220
2015-05-28,38.750000,39.599998,37.700001,37.950001,37.950001,522399
2015-05-29,38.400002,39.400002,37.799999,38.450001,38.450001,683978
2015-06-01,38.450001,39.450001,38.099998,38.450001,38.450001,824668
2015-06-02,38.599998,38.849998,37.099998,37.400002,37.400002,406082
2015-06-03,37.349998,37.500000,33.250000,35.200001,35.200001,752973
2015-06-04,35.500000,35.650002,33.599998,34.349998,34.349998,782777
2015-06-05,34.450001,34.799999,33.900002,34.200001,34.200001,457164
2015-06-08,34.500000,34.500000,33.099998,33.400002,33.400002,358059
2015-06-09,33.549999,34.849998,32.799999,34.150002,34.150002,586075
2015-06-10,34.299999,35.900002,34.150002,35.099998,35.099998,750995
2015-06-11,35.250000,36.500000,34.049999,34.450001,34.450001,725827
2015-06-12,34.200001,35.750000,33.500000,34.950001,34.950001,786795
2015-06-15,34.900002,35.849998,34.299999,35.400002,35.400002,631835
2015-06-16,35.299999,35.400002,34.349998,35.049999,35.049999,457102
2015-06-17,35.299999,36.900002,35.099998,35.950001,35.950001,1047882
2015-06-18,36.200001,37.500000,36.099998,36.799999,36.799999,1017163
2015-06-19,37.150002,38.400002,36.500000,37.099998,37.099998,1124750
2015-06-22,37.250000,37.900002,36.900002,37.450001,37.450001,517507
2015-06-23,37.599998,39.250000,36.799999,38.750000,38.750000,1422098
2015-06-24,38.950001,40.900002,38.750000,39.000000,39.000000,2230676
2015-06-25,39.049999,39.049999,38.150002,38.349998,38.349998,473222
2015-06-26,38.549999,38.549999,37.150002,37.650002,37.650002,496928
2015-06-29,36.799999,36.799999,34.950001,35.799999,35.799999,704813
2015-06-30,36.000000,37.500000,35.750000,36.950001,36.950001,676422
2015-07-01,37.099998,38.400002,36.049999,37.750000,37.750000,726145
2015-07-02,37.900002,38.500000,37.150002,37.500000,37.500000,611656
2015-07-03,37.650002,38.450001,36.849998,37.099998,37.099998,824547
2015-07-06,36.799999,38.400002,35.799999,38.049999,38.049999,896933
2015-07-07,37.799999,39.900002,37.799999,38.700001,38.700001,1425781
2015-07-08,38.299999,39.450001,37.250000,37.549999,37.549999,1102043
2015-07-09,37.799999,38.849998,37.400002,37.750000,37.750000,830934
2015-07-10,38.000000,38.650002,37.599998,37.900002,37.900002,552808
2015-07-13,38.250000,38.299999,37.349998,37.799999,37.799999,407692
2015-07-14,38.000000,40.700001,37.650002,39.900002,39.900002,3226719
2015-07-15,40.000000,41.400002,39.250000,39.799999,39.799999,1506354
2015-07-16,39.900002,40.500000,39.200001,39.500000,39.500000,743317
2015-07-17,39.599998,42.250000,38.650002,41.000000,41.000000,2995487
2015-07-20,41.200001,41.200001,39.549999,40.000000,40.000000,1035540
2015-07-21,39.799999,40.299999,37.900002,38.400002,38.400002,812583
2015-07-22,38.200001,40.250000,37.599998,40.049999,40.049999,1357638
2015-07-23,41.000000,42.400002,40.549999,41.099998,41.099998,2496641
2015-07-24,40.500000,41.000000,39.200001,39.549999,39.549999,803707
2015-07-27,39.200001,39.599998,38.150002,38.599998,38.599998,567921
2015-07-28,38.700001,39.500000,38.200001,38.650002,38.650002,623911
2015-07-29,38.950001,39.900002,38.650002,39.150002,39.150002,783375
2015-07-30,39.150002,39.799999,38.700001,39.000000,39.000000,633590
2015-07-31,39.250000,40.900002,39.049999,40.650002,40.650002,1263140
2015-08-03,41.099998,41.650002,40.150002,40.450001,40.450001,1459337
2015-08-04,40.599998,40.849998,39.400002,39.750000,39.750000,648436
2015-08-05,39.950001,41.400002,39.799999,40.299999,40.299999,1022774
2015-08-06,40.299999,43.400002,39.500000,42.400002,42.400002,3131957
2015-08-07,42.500000,45.349998,41.799999,44.150002,44.150002,4448421
2015-08-10,44.200001,44.200001,41.900002,42.500000,42.500000,1530166
2015-08-11,43.250000,44.250000,40.900002,41.500000,41.500000,1375808
2015-08-12,41.250000,41.900002,38.750000,39.200001,39.200001,880591
2015-08-13,39.700001,40.500000,38.000000,38.250000,38.250000,684205
2015-08-14,38.549999,39.400002,38.000000,38.549999,38.549999,602799
2015-08-17,38.700001,39.049999,37.750000,38.400002,38.400002,608998
2015-08-18,38.799999,39.450001,38.400002,38.950001,38.950001,595532
2015-08-19,38.950001,40.150002,38.299999,38.500000,38.500000,804429
2015-08-20,38.400002,39.750000,38.099998,39.200001,39.200001,863448
2015-08-21,39.049999,39.200001,37.849998,38.200001,38.200001,839808
2015-08-24,36.000000,36.599998,32.500000,32.900002,32.900002,712347
2015-08-25,33.250000,33.650002,28.500000,30.549999,30.549999,1206249
2015-08-26,30.549999,32.750000,30.250000,31.549999,31.549999,710199
2015-08-27,32.500000,34.500000,32.299999,34.099998,34.099998,742673
2015-08-28,35.799999,35.799999,34.000000,34.450001,34.450001,953332
2015-08-31,34.000000,36.400002,34.000000,34.650002,34.650002,798322
2015-09-01,34.700001,35.400002,31.500000,32.700001,32.700001,871355
2015-09-02,33.349998,36.500000,32.799999,34.900002,34.900002,2728162
2015-09-03,35.450001,36.299999,34.200001,34.599998,34.599998,816517
2015-09-04,34.549999,34.549999,32.250000,32.900002,32.900002,511284
2015-09-07,33.849998,33.849998,31.700001,31.950001,31.950001,348781
2015-09-08,32.250000,32.750000,31.500000,32.400002,32.400002,379129
2015-09-09,33.200001,33.849998,32.900002,33.450001,33.450001,433765
2015-09-10,33.000000,33.150002,31.799999,32.549999,32.549999,630691
2015-09-11,32.549999,33.450001,32.549999,32.849998,32.849998,503157
2015-09-14,32.950001,33.500000,32.599998,33.000000,33.000000,337453
2015-09-15,33.150002,33.450001,32.700001,33.099998,33.099998,324908
2015-09-16,33.349998,33.400002,32.599998,32.849998,32.849998,259495
2015-09-18,33.349998,33.549999,32.750000,33.150002,33.150002,376847
2015-09-21,33.250000,33.849998,32.950001,33.650002,33.650002,376355
2015-09-22,34.000000,34.299999,32.799999,32.950001,32.950001,343532
2015-09-23,32.700001,33.200001,32.500000,33.000000,33.000000,240386
2015-09-24,33.099998,33.299999,32.500000,32.799999,32.799999,325985
2015-09-28,33.049999,33.299999,32.450001,32.700001,32.700001,300343
2015-09-29,32.349998,32.599998,31.750000,32.299999,32.299999,276850
2015-09-30,32.750000,33.250000,32.000000,32.549999,32.549999,405778
2015-10-01,33.000000,33.349998,32.299999,32.650002,32.650002,470468
2015-10-05,33.099998,33.950001,32.900002,33.400002,33.400002,535711
2015-10-06,33.500000,34.099998,33.150002,33.500000,33.500000,433939
2015-10-07,34.150002,36.849998,34.099998,35.549999,35.549999,1870459
2015-10-08,35.700001,35.900002,34.500000,34.950001,34.950001,497426
2015-10-09,35.799999,35.900002,34.599998,35.000000,35.000000,436859
2015-10-12,35.200001,37.349998,34.849998,36.500000,36.500000,1621239
2015-10-13,36.500000,37.200001,35.849998,36.349998,36.349998,637736
2015-10-14,36.000000,37.700001,36.000000,37.299999,37.299999,1510343
2015-10-15,37.500000,38.000000,36.200001,36.750000,36.750000,1307413
2015-10-16,37.000000,37.700001,36.700001,37.200001,37.200001,556002
2015-10-19,37.500000,38.349998,36.500000,37.200001,37.200001,657667
2015-10-20,37.000000,38.150002,36.700001,36.950001,36.950001,639077
2015-10-21,37.150002,37.400002,36.250000,36.400002,36.400002,341271
2015-10-23,36.750000,37.200001,35.549999,35.700001,35.700001,387094
2015-10-26,35.900002,35.950001,34.500000,34.799999,34.799999,395563
2015-10-27,34.750000,34.900002,33.799999,34.049999,34.049999,373121
2015-10-28,34.099998,34.549999,33.500000,34.099998,34.099998,429759
2015-10-29,34.349998,35.500000,34.250000,34.500000,34.500000,366270
2015-10-30,34.599998,34.750000,33.599998,33.849998,33.849998,353655
2015-11-02,33.950001,34.099998,32.500000,33.049999,33.049999,368449
2015-11-03,33.500000,33.900002,33.099998,33.349998,33.349998,300034
2015-11-04,33.750000,34.299999,33.200001,33.549999,33.549999,426997
2015-11-05,33.799999,33.799999,32.099998,32.299999,32.299999,441966
2015-11-06,32.900002,32.900002,31.600000,31.850000,31.850000,518819
2015-11-09,31.400000,32.400002,30.250000,31.900000,31.900000,291171
2015-11-10,31.900000,32.599998,31.500000,31.650000,31.650000,219124
2015-11-13,31.900000,32.049999,31.400000,31.549999,31.549999,150498
2015-11-16,31.650000,32.200001,31.200001,31.799999,31.799999,200124
2015-11-17,32.150002,34.450001,32.099998,34.150002,34.150002,981782
2015-11-18,34.049999,34.450001,32.500000,32.849998,32.849998,1099977
2015-11-19,33.349998,33.650002,33.000000,33.200001,33.200001,249602
2015-11-20,33.349998,34.799999,33.049999,33.250000,33.250000,701188
2015-11-23,33.500000,34.150002,33.299999,33.450001,33.450001,313314
2015-11-24,33.450001,34.500000,33.349998,33.750000,33.750000,645101
2015-11-26,34.000000,34.650002,33.750000,33.950001,33.950001,363207
2015-11-27,34.000000,34.400002,33.500000,33.650002,33.650002,264173
2015-11-30,33.849998,36.250000,33.750000,35.700001,35.700001,1314755
2015-12-01,35.900002,38.650002,34.599998,36.099998,36.099998,1748172
2015-12-02,36.250000,37.200001,35.099998,36.349998,36.349998,953624
2015-12-03,36.200001,36.900002,35.500000,35.700001,35.700001,574379
2015-12-04,35.500000,37.299999,35.250000,36.049999,36.049999,1317722
2015-12-07,36.049999,36.400002,35.049999,35.250000,35.250000,388859
2015-12-08,35.250000,35.700001,34.000000,34.150002,34.150002,338547
2015-12-09,33.700001,34.099998,31.900000,32.150002,32.150002,498186
2015-12-10,32.400002,33.349998,31.600000,32.650002,32.650002,442713
2015-12-11,32.950001,33.299999,32.000000,32.349998,32.349998,303698
2015-12-14,32.299999,32.650002,32.049999,32.450001,32.450001,202079
2015-12-15,33.000000,33.099998,32.200001,32.299999,32.299999,251999
2015-12-16,32.599998,34.000000,32.549999,33.099998,33.099998,619309
2015-12-17,33.200001,34.000000,33.099998,33.549999,33.549999,308841
2015-12-18,33.799999,34.700001,33.299999,33.599998,33.599998,496105
2015-12-21,33.799999,35.200001,33.549999,34.349998,34.349998,473240
2015-12-22,34.299999,36.400002,34.200001,35.299999,35.299999,1426406
2015-12-23,35.700001,36.200001,35.049999,35.250000,35.250000,511952
2015-12-24,35.950001,36.700001,35.349998,36.099998,36.099998,1053957
2015-12-28,36.200001,36.500000,35.299999,35.599998,35.599998,517428
2015-12-29,35.799999,37.200001,35.299999,36.299999,36.299999,1375330
2015-12-30,36.400002,37.000000,35.849998,36.049999,36.049999,675824
2015-12-31,36.250000,36.500000,35.650002,35.900002,35.900002,384174
2016-01-01,36.049999,36.349998,35.849998,36.000000,36.000000,271073
2016-01-04,36.000000,37.400002,35.549999,35.950001,35.950001,1131767
2016-01-05,36.099998,36.799999,35.799999,36.250000,36.250000,613965
2016-01-06,36.400002,37.450001,35.650002,35.849998,35.849998,1157000
2016-01-07,35.299999,35.400002,33.250000,33.400002,33.400002,591288
2016-01-08,34.000000,34.400002,33.400002,33.900002,33.900002,356786
2016-01-11,33.450001,34.000000,32.799999,33.450001,33.450001,306947
2016-01-12,33.799999,34.200001,32.849998,33.099998,33.099998,280767
2016-01-13,33.750000,33.750000,30.750000,31.950001,31.950001,531663
2016-01-14,31.400000,31.850000,30.549999,31.200001,31.200001,309810
2016-01-15,31.750000,32.200001,30.200001,30.450001,30.450001,381169
2016-01-18,30.700001,30.700001,28.650000,28.799999,28.799999,319448
2016-01-19,30.700001,31.900000,30.200001,31.200001,31.200001,1485827
2016-01-20,30.650000,30.650000,29.000000,29.500000,29.500000,381649
2016-01-21,30.200001,30.500000,29.400000,29.650000,29.650000,311488
2016-01-22,30.200001,30.950001,30.000000,30.799999,30.799999,337507
2016-01-25,31.200001,32.150002,30.950001,31.100000,31.100000,621801
2016-01-27,31.150000,31.549999,30.750000,30.900000,30.900000,211598
2016-01-28,30.900000,31.900000,30.600000,31.400000,31.400000,345130
2016-01-29,31.799999,32.799999,31.700001,32.599998,32.599998,742344
2016-02-01,32.849998,32.849998,31.549999,31.750000,31.750000,242992
2016-02-02,32.099998,32.099998,30.600000,30.750000,30.750000,172568
2016-02-03,30.600000,30.600000,29.650000,29.950001,29.950001,141184
2016-02-04,31.000000,31.250000,29.700001,30.000000,30.000000,480127
2016-02-05,30.400000,30.700001,29.799999,30.500000,30.500000,231342
2016-02-08,30.900000,30.900000,29.600000,30.000000,30.000000,203888
2016-02-09,29.750000,30.299999,29.400000,29.950001,29.950001,122657
2016-02-10,30.299999,30.299999,29.549999,30.000000,30.000000,188668
2016-02-11,30.299999,30.299999,27.500000,27.750000,27.750000,241776
2016-02-12,27.799999,28.299999,26.299999,26.799999,26.799999,267220
2016-02-15,27.950001,28.700001,27.500000,28.299999,28.299999,199654
2016-02-16,28.750000,29.650000,28.150000,28.350000,28.350000,278838
2016-02-17,28.650000,28.799999,27.299999,28.000000,28.000000,156932
2016-02-18,29.150000,30.150000,28.799999,29.400000,29.400000,891152
2016-02-19,28.950001,29.500000,28.600000,28.900000,28.900000,250611
2016-02-22,29.200001,29.700001,28.600000,28.900000,28.900000,213490
2016-02-23,29.900000,30.000000,28.900000,29.100000,29.100000,381882
2016-02-24,29.450001,29.450001,27.000000,27.250000,27.250000,470145
2016-02-25,27.799999,27.950001,27.100000,27.450001,27.450001,243221
2016-02-26,27.700001,28.000000,26.900000,27.250000,27.250000,205379
2016-02-29,27.400000,27.950001,26.500000,26.850000,26.850000,290249
2016-03-01,27.400000,27.900000,27.000000,27.799999,27.799999,174385
2016-03-02,28.200001,28.650000,28.000000,28.350000,28.350000,232732
2016-03-03,28.500000,30.700001,28.250000,29.900000,29.900000,863471
2016-03-04,30.400000,30.650000,29.650000,30.000000,30.000000,446433
2016-03-08,30.400000,31.450001,30.200001,30.600000,30.600000,640446
2016-03-09,30.100000,30.150000,29.500000,29.900000,29.900000,256831
2016-03-10,30.500000,31.299999,30.200001,30.549999,30.549999,820600
2016-03-11,31.000000,31.000000,29.950001,30.600000,30.600000,337588
2016-03-14,31.049999,31.299999,30.100000,30.400000,30.400000,326281
2016-03-15,30.049999,30.100000,29.350000,29.650000,29.650000,213529
2016-03-16,29.850000,29.850000,29.000000,29.400000,29.400000,158023
2016-03-17,30.299999,30.650000,29.750000,29.950001,29.950001,433309
2016-03-18,30.400000,30.400000,29.600000,29.850000,29.850000,227670
2016-03-21,29.650000,30.250000,29.650000,30.200001,30.200001,246469
2016-03-22,30.150000,30.900000,29.900000,30.049999,30.049999,260701
2016-03-23,32.599998,34.200001,32.599998,32.799999,32.799999,2931976
2016-03-28,33.000000,33.000000,30.000000,30.450001,30.450001,673457
2016-03-29,30.450001,31.049999,30.049999,30.200001,30.200001,436515
2016-03-30,30.549999,31.900000,30.400000,31.650000,31.650000,512741
2016-03-31,32.000000,32.250000,31.200001,31.600000,31.600000,761392
2016-04-01,31.600000,32.150002,31.250000,31.850000,31.850000,236121
2016-04-04,32.000000,32.000000,31.100000,31.250000,31.250000,288507
2016-04-05,31.150000,31.150000,30.100000,30.150000,30.150000,311891
2016-04-06,30.900000,31.400000,30.250000,31.100000,31.100000,253310
2016-04-07,32.150002,32.500000,31.549999,31.900000,31.900000,728245
2016-04-08,31.799999,31.850000,31.250000,31.600000,31.600000,215053
2016-04-11,32.500000,33.250000,32.400002,32.849998,32.849998,976166
2016-04-12,32.950001,33.700001,32.250000,32.799999,32.799999,571608
2016-04-13,33.799999,33.900002,33.049999,33.400002,33.400002,848200
2016-04-18,33.400002,33.799999,32.500000,33.500000,33.500000,475801
2016-04-20,34.000000,34.599998,33.700001,34.000000,34.000000,1024560
2016-04-21,34.650002,35.000000,33.799999,34.299999,34.299999,699475
2016-04-22,34.250000,35.250000,33.799999,34.299999,34.299999,599763
2016-04-25,34.500000,39.000000,34.250000,36.549999,36.549999,5426963
2016-04-26,36.250000,37.650002,36.049999,36.549999,36.549999,1242439
2016-04-27,36.750000,38.400002,36.700001,37.750000,37.750000,2255333
2016-04-28,38.049999,38.150002,36.250000,36.650002,36.650002,1106292
2016-04-29,36.599998,38.150002,36.200001,36.650002,36.650002,1141100
2016-05-02,36.400002,36.950001,35.900002,36.400002,36.400002,722687
2016-05-03,36.599998,36.849998,34.900002,35.500000,35.500000,746987
2016-05-04,35.400002,35.500000,33.900002,34.049999,34.049999,543097
2016-05-05,34.250000,35.349998,34.049999,34.750000,34.750000,506643
2016-05-06,34.400002,34.700001,34.000000,34.349998,34.349998,340041
2016-05-09,34.849998,34.950001,34.150002,34.700001,34.700001,354169
2016-05-10,34.599998,35.349998,34.200001,34.750000,34.750000,374524
2016-05-11,34.900002,35.250000,34.450001,34.799999,34.799999,591063
2016-05-12,35.450001,35.750000,34.700001,35.000000,35.000000,529097
2016-05-13,35.000000,35.299999,34.049999,35.000000,35.000000,381675
2016-05-16,35.549999,35.849998,34.849998,35.349998,35.349998,662505
2016-05-17,35.799999,35.900002,35.200001,35.500000,35.500000,509852
2016-05-18,35.000000,35.450001,35.000000,35.250000,35.250000,263744
2016-05-19,35.200001,35.349998,34.099998,34.200001,34.200001,288069
2016-05-20,34.500000,34.500000,33.450001,33.599998,33.599998,260128
2016-05-23,33.799999,33.799999,33.049999,33.400002,33.400002,220214
2016-05-24,33.500000,33.500000,32.299999,32.750000,32.750000,242157
2016-05-25,33.500000,34.349998,33.000000,34.049999,34.049999,603082
2016-05-26,34.299999,34.400002,33.599998,34.200001,34.200001,329163
2016-05-27,34.200001,34.900002,34.049999,34.400002,34.400002,390178
2016-05-30,34.450001,34.650002,33.549999,34.250000,34.250000,261969
2016-05-31,34.099998,34.450001,33.500000,33.799999,33.799999,173234
2016-06-01,33.799999,34.450001,33.700001,33.950001,33.950001,217853
2016-06-02,33.700001,33.950001,33.049999,33.650002,33.650002,215879
2016-06-03,33.400002,33.900002,33.150002,33.400002,33.400002,196193
2016-06-06,34.000000,34.299999,33.299999,33.650002,33.650002,620976
2016-06-07,33.950001,35.200001,33.450001,34.349998,34.349998,1861847
2016-06-08,34.650002,35.750000,34.450001,35.349998,35.349998,1522875
2016-06-09,35.599998,36.500000,35.000000,35.700001,35.700001,1420638
2016-06-10,35.750000,38.200001,34.700001,37.900002,37.900002,4570635
2016-06-13,37.299999,39.849998,37.299999,39.349998,39.349998,3050446
2016-06-14,41.000000,41.849998,40.200001,41.049999,41.049999,6777355
2016-06-15,41.250000,41.650002,40.549999,40.849998,40.849998,1412136
2016-06-16,41.000000,41.000000,38.750000,40.049999,40.049999,981095
2016-06-17,40.150002,40.700001,39.400002,39.700001,39.700001,782383
2016-06-20,39.000000,40.200001,38.950001,39.650002,39.650002,641694
2016-06-21,40.000000,40.049999,39.400002,39.650002,39.650002,392444
2016-06-22,39.799999,39.950001,38.200001,38.500000,38.500000,354677
2016-06-23,38.599998,38.599998,37.500000,37.700001,37.700001,402485
2016-06-24,35.500000,36.349998,34.799999,36.099998,36.099998,556996
2016-06-27,36.099998,37.400002,36.000000,37.000000,37.000000,493419
2016-06-28,37.150002,38.000000,37.099998,37.400002,37.400002,333596
2016-06-29,37.900002,39.150002,37.650002,38.500000,38.500000,588711
2016-06-30,39.150002,39.700001,38.549999,38.799999,38.799999,556914
2016-07-01,39.200001,39.200001,38.349998,38.500000,38.500000,395731
2016-07-04,38.700001,39.200001,38.400002,38.599998,38.599998,365903
2016-07-05,38.849998,41.200001,38.299999,40.299999,40.299999,1896542
2016-07-07,40.500000,41.049999,39.150002,39.400002,39.400002,658865
2016-07-08,39.700001,39.700001,38.500000,38.849998,38.849998,332333
2016-07-11,39.450001,40.799999,38.549999,39.549999,39.549999,837261
2016-07-12,39.500000,39.700001,38.599998,39.250000,39.250000,578062
2016-07-13,40.250000,41.799999,39.799999,40.250000,40.250000,1779072
2016-07-14,40.099998,41.400002,39.700001,40.299999,40.299999,633503
2016-07-15,40.349998,40.599998,38.950001,39.099998,39.099998,352547
2016-07-18,39.200001,39.650002,38.099998,38.349998,38.349998,324617
2016-07-19,38.500000,39.200001,38.049999,38.799999,38.799999,389172
2016-07-20,38.750000,40.250000,38.750000,39.099998,39.099998,374166
2016-07-21,39.299999,40.799999,38.500000,39.650002,39.650002,941824
2016-07-22,39.549999,41.799999,39.299999,40.450001,40.450001,1000566
2016-07-25,40.450001,43.250000,39.799999,42.099998,42.099998,4598198
2016-07-26,42.400002,42.400002,39.650002,40.000000,40.000000,1228297
2016-07-27,40.200001,40.900002,39.200001,39.599998,39.599998,726472
2016-07-28,39.700001,40.299999,39.099998,39.299999,39.299999,477293
2016-07-29,39.400002,40.000000,38.599998,38.799999,38.799999,495840
2016-08-01,38.549999,39.599998,38.150002,38.500000,38.500000,396856
2016-08-02,38.700001,38.700001,37.099998,37.299999,37.299999,382460
2016-08-03,37.599998,37.700001,36.299999,36.950001,36.950001,362942
2016-08-04,37.599998,39.299999,37.299999,38.849998,38.849998,779492
2016-08-05,39.299999,40.400002,38.750000,39.700001,39.700001,810478
2016-08-08,39.750000,40.299999,39.099998,39.349998,39.349998,404123
2016-08-09,39.349998,39.700001,38.500000,38.650002,38.650002,314473
2016-08-10,38.599998,38.750000,37.700001,37.849998,37.849998,174657
2016-08-11,38.099998,39.799999,37.599998,38.900002,38.900002,499508
2016-08-12,39.400002,41.200001,38.549999,40.700001,40.700001,1217033
2016-08-16,41.599998,44.250000,40.599998,43.750000,43.750000,2943579
2016-08-17,43.599998,44.900002,42.700001,44.250000,44.250000,1832008
2016-08-18,44.700001,45.900002,44.500000,45.349998,45.349998,1750384
2016-08-19,45.750000,47.250000,45.049999,45.799999,45.799999,1925654
2016-08-22,46.000000,51.650002,45.349998,49.450001,49.450001,6065832
2016-08-23,49.450001,53.000000,48.250000,52.250000,52.250000,4594829
2016-08-24,52.900002,54.099998,51.099998,52.400002,52.400002,3416837
2016-08-25,52.849998,53.500000,51.299999,51.700001,51.700001,2147056
2016-08-26,52.000000,52.099998,49.500000,49.750000,49.750000,1174158
2016-08-29,49.950001,52.299999,48.349998,51.849998,51.849998,2169017
2016-08-30,52.000000,52.400002,50.700001,51.150002,51.150002,890111
2016-08-31,50.250000,51.750000,49.099998,49.400002,49.400002,935833
2016-09-01,49.500000,51.599998,48.900002,49.299999,49.299999,1291236
2016-09-02,49.000000,50.400002,48.599998,49.150002,49.150002,937404
2016-09-06,50.049999,51.450001,49.500000,51.150002,51.150002,1408570
2016-09-07,51.349998,52.400002,50.650002,51.150002,51.150002,1356770
2016-09-08,51.500000,57.950001,51.400002,56.150002,56.150002,6174981
2016-09-09,56.549999,56.900002,54.099998,54.700001,54.700001,1883372
2016-09-12,52.299999,53.400002,51.000000,52.000000,52.000000,1314919
2016-09-14,52.900002,54.000000,52.349998,53.450001,53.450001,1627999
2016-09-15,53.599998,55.000000,53.000000,54.099998,54.099998,1196778
2016-09-16,54.500000,55.950001,52.650002,53.400002,53.400002,1272209
2016-09-19,53.599998,54.799999,53.150002,54.049999,54.049999,1003303
2016-09-20,54.500000,56.349998,53.799999,55.000000,55.000000,1431795
2016-09-21,55.299999,57.500000,54.750000,55.099998,55.099998,2127691
2016-09-22,55.700001,61.200001,55.400002,60.150002,60.150002,6739270
2016-09-23,60.099998,60.400002,57.500000,57.799999,57.799999,2718110
2016-09-26,57.900002,60.200001,57.250000,58.450001,58.450001,2115971
2016-09-27,59.000000,60.099998,57.400002,57.849998,57.849998,1696585
2016-09-28,58.200001,58.400002,56.700001,57.000000,57.000000,928839
2016-09-29,58.549999,58.750000,50.200001,52.599998,52.599998,2534336
2016-09-30,53.049999,55.000000,53.049999,54.549999,54.549999,1238028
2016-10-03,55.200001,59.599998,54.750000,58.849998,58.849998,1445346
2016-10-04,59.299999,59.849998,57.250000,58.799999,58.799999,1136709
2016-10-05,59.250000,63.200001,58.099998,62.299999,62.299999,4098676
2016-10-06,62.849998,63.750000,59.500000,61.400002,61.400002,2672207
2016-10-07,62.500000,64.199997,61.650002,62.299999,62.299999,2372787
2016-10-10,62.900002,65.400002,61.099998,64.000000,64.000000,3292853
2016-10-13,63.000000,63.400002,59.400002,61.200001,61.200001,2569472
2016-10-14,61.599998,63.150002,60.099998,62.150002,62.150002,1852513
2016-10-17,62.299999,64.800003,61.549999,63.750000,63.750000,3253800
2016-10-18,64.650002,64.650002,62.549999,63.250000,63.250000,1338078
2016-10-19,63.799999,64.250000,62.400002,63.099998,63.099998,1114453
2016-10-20,63.700001,64.500000,62.250000,63.049999,63.049999,1265590
2016-10-21,63.150002,63.900002,62.599998,63.049999,63.049999,1104266
2016-10-24,63.000000,64.900002,62.700001,63.599998,63.599998,1681607
2016-10-25,63.599998,65.500000,62.750000,63.549999,63.549999,1890828
2016-10-26,63.849998,64.199997,62.750000,63.150002,63.150002,1169420
2016-10-27,63.000000,63.650002,62.250000,62.799999,62.799999,659350
2016-10-28,63.000000,68.250000,62.750000,65.400002,65.400002,4128937
2016-11-01,65.750000,67.900002,65.250000,65.650002,65.650002,1298444
2016-11-02,64.000000,65.550003,57.750000,63.950001,63.950001,993574
2016-11-03,64.199997,65.400002,63.000000,63.400002,63.400002,1036891
2016-11-04,63.500000,63.799999,60.900002,62.150002,62.150002,1115286
2016-11-07,63.000000,64.050003,62.650002,63.000000,63.000000,530905
2016-11-08,63.400002,63.900002,61.000000,62.650002,62.650002,584248
2016-11-09,55.049999,60.000000,51.500000,58.900002,58.900002,980756
2016-11-10,60.200001,62.700001,60.200001,61.000000,61.000000,695362
2016-11-11,60.000000,60.849998,57.000000,57.250000,57.250000,533917
2016-11-15,58.000000,58.000000,51.349998,52.700001,52.700001,815466
2016-11-16,54.049999,58.799999,52.000000,52.950001,52.950001,530530
2016-11-17,54.000000,56.700001,52.200001,56.099998,56.099998,872484
2016-11-18,56.000000,56.400002,54.299999,55.400002,55.400002,482292
2016-11-21,56.000000,56.349998,51.750000,52.400002,52.400002,429432
2016-11-22,54.000000,54.849998,50.549999,51.700001,51.700001,767195
2016-11-23,52.599998,54.250000,51.700001,53.650002,53.650002,540528
2016-11-24,54.049999,54.049999,52.700001,53.250000,53.250000,377366
2016-11-25,53.900002,56.700001,53.599998,56.150002,56.150002,954913
2016-11-28,55.000000,60.150002,55.000000,59.150002,59.150002,1022093
2016-11-29,59.500000,60.900002,58.549999,59.299999,59.299999,546105
2016-11-30,59.750000,64.800003,58.500000,63.799999,63.799999,2215222
2016-12-01,66.000000,70.900002,64.800003,67.050003,67.050003,4744981
2016-12-02,67.000000,72.699997,66.449997,69.849998,69.849998,3608336
2016-12-05,70.500000,72.150002,69.599998,71.599998,71.599998,1842925
2016-12-06,71.849998,72.000000,68.650002,69.699997,69.699997,980661
2016-12-07,69.400002,69.400002,66.300003,66.849998,66.849998,762113
2016-12-08,67.500000,69.349998,66.050003,68.550003,68.550003,1017927
2016-12-09,69.000000,70.900002,67.849998,69.400002,69.400002,1821814
2016-12-12,71.050003,74.099998,71.050003,72.250000,72.250000,2474133
2016-12-13,72.400002,72.400002,70.000000,70.550003,70.550003,814389
2016-12-14,70.500000,71.400002,66.650002,67.050003,67.050003,1242526
2016-12-15,66.650002,68.699997,66.050003,67.599998,67.599998,757653
2016-12-16,68.000000,69.449997,66.099998,66.449997,66.449997,753221
2016-12-19,67.750000,67.800003,66.050003,66.300003,66.300003,503611
2016-12-20,66.900002,67.199997,63.799999,64.050003,64.050003,639005
2016-12-21,64.500000,66.750000,64.099998,65.400002,65.400002,887037
2016-12-22,65.000000,65.400002,62.099998,63.000000,63.000000,478446
2016-12-23,62.500000,64.400002,61.700001,62.049999,62.049999,578918
2016-12-26,62.599998,62.950001,60.599998,61.250000,61.250000,532197
2016-12-27,61.799999,63.150002,60.750000,62.700001,62.700001,553830
2016-12-28,63.500000,64.599998,63.000000,63.849998,63.849998,752578
2016-12-29,63.849998,65.699997,63.750000,65.300003,65.300003,640671
2016-12-30,65.000000,66.199997,64.250000,64.699997,64.699997,444291
2017-01-02,65.099998,66.199997,64.150002,65.349998,65.349998,520600
2017-01-03,66.099998,68.500000,65.849998,68.000000,68.000000,1186680
2017-01-04,68.650002,71.250000,68.300003,69.949997,69.949997,2008082
2017-01-05,70.199997,70.599998,68.699997,69.250000,69.250000,696953
2017-01-06,69.500000,70.250000,67.750000,68.400002,68.400002,636966
2017-01-09,68.199997,68.699997,66.900002,67.199997,67.199997,468154
2017-01-10,67.199997,68.349998,66.500000,67.050003,67.050003,700342
2017-01-11,67.400002,67.750000,66.849998,67.199997,67.199997,462590
2017-01-12,67.500000,68.800003,65.599998,66.099998,66.099998,830675
2017-01-13,66.599998,67.250000,65.550003,66.099998,66.099998,465519
2017-01-16,66.500000,67.349998,65.800003,66.949997,66.949997,523732
2017-01-17,67.050003,68.099998,66.699997,67.300003,67.300003,585134
2017-01-18,67.650002,68.900002,66.699997,67.400002,67.400002,1905886
2017-01-19,66.800003,76.300003,66.599998,74.300003,74.300003,6421820
2017-01-20,73.900002,74.900002,70.849998,71.750000,71.750000,2243378
2017-01-23,72.000000,73.199997,71.099998,72.199997,72.199997,1142351
2017-01-24,72.650002,77.650002,71.050003,76.000000,76.000000,3455130
2017-01-25,77.000000,77.500000,74.699997,76.050003,76.050003,3167786
2017-01-27,76.400002,76.650002,73.650002,74.449997,74.449997,1274986
2017-01-30,74.150002,74.400002,72.150002,73.000000,73.000000,626271
2017-01-31,73.000000,73.500000,69.500000,70.199997,70.199997,878261
2017-02-01,69.949997,71.800003,68.800003,70.900002,70.900002,1150485
2017-02-02,71.250000,73.900002,70.599998,72.650002,72.650002,1149079
2017-02-03,73.000000,73.400002,71.199997,71.550003,71.550003,608845
2017-02-06,72.250000,72.900002,70.900002,71.500000,71.500000,659312
2017-02-07,71.599998,72.699997,69.949997,70.750000,70.750000,875547
2017-02-08,70.500000,71.800003,69.699997,70.699997,70.699997,500224
2017-02-09,71.000000,71.500000,69.750000,70.300003,70.300003,608013
2017-02-10,70.750000,72.750000,70.500000,71.550003,71.550003,769588
2017-02-13,71.550003,73.199997,69.250000,69.900002,69.900002,875346
2017-02-14,70.150002,71.199997,69.099998,70.599998,70.599998,766692
2017-02-15,70.550003,76.699997,68.800003,74.650002,74.650002,3760866
2017-02-16,75.000000,78.900002,74.650002,75.949997,75.949997,4522188
2017-02-17,76.449997,76.650002,74.099998,74.599998,74.599998,1156144
2017-02-20,74.250000,75.400002,73.699997,74.300003,74.300003,671500
2017-02-21,74.599998,78.400002,74.099998,76.599998,76.599998,1460462
2017-02-22,76.699997,79.449997,76.000000,77.150002,77.150002,2048437
2017-02-23,77.949997,78.000000,76.150002,76.449997,76.449997,573401
2017-02-27,76.250000,76.750000,74.199997,74.400002,74.400002,589923
2017-02-28,74.800003,77.250000,74.449997,74.900002,74.900002,609766
2017-03-01,75.400002,76.550003,75.000000,75.400002,75.400002,500797
2017-03-02,76.099998,76.199997,72.099998,72.449997,72.449997,701096
2017-03-03,72.449997,74.250000,71.650002,73.800003,73.800003,540983
2017-03-06,74.000000,74.750000,73.050003,73.400002,73.400002,474264
2017-03-07,73.699997,74.150002,72.250000,72.650002,72.650002,406645
2017-03-08,73.150002,73.199997,70.500000,71.599998,71.599998,386767
2017-03-09,71.750000,72.550003,70.150002,70.449997,70.449997,561927
2017-03-10,70.500000,71.099998,69.300003,69.900002,69.900002,338994
2017-03-14,71.250000,72.949997,70.300003,71.150002,71.150002,474566
2017-03-15,72.000000,74.500000,71.550003,72.400002,72.400002,981013
2017-03-16,73.349998,73.599998,72.300003,72.900002,72.900002,517288
2017-03-17,73.449997,73.449997,71.300003,71.849998,71.849998,372145
2017-03-20,72.400002,72.400002,71.000000,71.300003,71.300003,321077
2017-03-21,71.849998,72.050003,68.000000,69.550003,69.550003,706114
2017-03-22,69.050003,70.500000,67.050003,69.550003,69.550003,725323
2017-03-23,70.000000,73.500000,70.000000,71.699997,71.699997,997475
2017-03-24,72.849998,74.000000,71.699997,72.550003,72.550003,811533
2017-03-27,73.000000,73.150002,71.500000,71.949997,71.949997,392254
2017-03-28,72.900002,72.900002,71.300003,71.500000,71.500000,215548
2017-03-29,71.599998,74.199997,71.599998,73.150002,73.150002,775082
2017-03-30,73.550003,78.599998,73.250000,77.949997,77.949997,2156697
2017-03-31,79.500000,81.500000,78.050003,79.050003,79.050003,2167979
2017-04-03,79.599998,82.400002,79.050003,80.949997,80.949997,1650711
2017-04-05,81.800003,83.900002,80.949997,82.300003,82.300003,1155365
2017-04-06,81.449997,82.699997,79.050003,80.500000,80.500000,760754
2017-04-07,80.900002,88.000000,80.400002,84.150002,84.150002,3169499
2017-04-10,85.150002,85.250000,82.550003,82.750000,82.750000,726689
2017-04-11,83.400002,86.250000,82.750000,84.300003,84.300003,1099685
2017-04-12,84.400002,85.400002,80.699997,83.699997,83.699997,985858
2017-04-13,84.800003,89.400002,84.500000,86.449997,86.449997,3048062
2017-04-17,86.900002,87.699997,85.000000,86.800003,86.800003,998474
2017-04-18,87.699997,88.900002,83.000000,83.750000,83.750000,1424952
2017-04-19,87.000000,87.949997,84.300003,86.050003,86.050003,1856247
2017-04-20,86.300003,87.599998,85.050003,85.400002,85.400002,665093
2017-04-21,85.849998,86.050003,83.500000,83.849998,83.849998,571919
2017-04-24,84.250000,84.900002,82.650002,82.949997,82.949997,539741
2017-04-25,83.599998,86.199997,82.699997,84.000000,84.000000,801481
2017-04-26,84.000000,84.500000,81.099998,81.650002,81.650002,526174
2017-04-27,81.300003,83.800003,81.199997,82.099998,82.099998,542813
2017-04-28,82.900002,83.849998,81.800003,82.199997,82.199997,659480
2017-05-02,82.699997,83.599998,81.349998,82.099998,82.099998,451787
2017-05-03,82.500000,82.500000,80.349998,80.699997,80.699997,443853
2017-05-04,81.199997,83.300003,80.400002,81.150002,81.150002,546636
2017-05-05,80.849998,80.900002,77.199997,77.800003,77.800003,591776
2017-05-08,78.500000,79.000000,77.300003,77.849998,77.849998,384019
2017-05-09,78.099998,79.800003,78.050003,78.800003,78.800003,384546
2017-05-10,79.099998,79.699997,78.150002,78.900002,78.900002,392100
2017-05-11,79.250000,80.550003,78.800003,79.449997,79.449997,493852
2017-05-12,79.300003,79.300003,77.050003,77.400002,77.400002,317456
2017-05-15,77.900002,79.349998,77.250000,78.349998,78.349998,466855
2017-05-16,78.900002,83.800003,78.300003,82.849998,82.849998,1371835
2017-05-17,84.000000,85.449997,82.750000,83.699997,83.699997,1887583
2017-05-18,82.650002,83.349998,79.800003,80.250000,80.250000,415811
2017-05-19,81.250000,82.150002,78.250000,79.099998,79.099998,370923
2017-05-22,80.199997,80.650002,77.849998,78.400002,78.400002,325102
2017-05-23,78.650002,78.699997,74.000000,74.750000,74.750000,535893
2017-05-24,75.250000,76.150002,71.099998,71.550003,71.550003,550148
2017-05-25,73.550003,74.500000,72.699997,74.250000,74.250000,614976
2017-05-26,73.400002,76.199997,73.300003,74.949997,74.949997,841321
2017-05-29,74.949997,75.000000,72.750000,73.199997,73.199997,316595
2017-05-30,72.949997,73.250000,71.500000,72.550003,72.550003,282642
2017-05-31,72.550003,73.650002,72.199997,72.599998,72.599998,272213
2017-06-01,73.599998,74.599998,73.449997,73.750000,73.750000,438017
2017-06-02,74.250000,74.500000,72.349998,72.849998,72.849998,232330
2017-06-05,72.849998,73.349998,71.750000,71.949997,71.949997,219940
2017-06-06,72.000000,72.349998,68.500000,69.150002,69.150002,362678
2017-06-07,69.199997,69.650002,67.300003,68.900002,68.900002,473015
2017-06-08,68.949997,74.349998,68.099998,73.550003,73.550003,1096627
2017-06-09,72.949997,74.900002,71.800003,73.449997,73.449997,489082
2017-06-12,72.949997,73.349998,71.349998,71.650002,71.650002,237851
2017-06-13,71.500000,72.650002,71.250000,71.500000,71.500000,201639
2017-06-14,71.349998,73.400002,70.849998,72.000000,72.000000,248427
2017-06-15,71.199997,72.750000,70.900002,71.300003,71.300003,312282
2017-06-16,71.900002,76.199997,71.400002,74.900002,74.900002,1587920
2017-06-19,75.000000,75.250000,72.500000,72.750000,72.750000,308344
2017-06-20,73.099998,74.550003,72.400002,72.599998,72.599998,409696
2017-06-21,72.150002,73.199997,71.500000,72.150002,72.150002,314712
2017-06-22,72.250000,73.550003,70.699997,70.949997,70.949997,475115
2017-06-23,71.449997,71.699997,68.900002,69.300003,69.300003,319174
2017-06-27,69.949997,70.699997,67.250000,70.199997,70.199997,541082
2017-06-28,70.050003,71.500000,69.250000,71.050003,71.050003,308300
2017-06-29,72.000000,73.400002,71.599998,72.300003,72.300003,533915
2017-06-30,71.900002,72.199997,70.849998,71.349998,71.349998,235484
2017-07-03,71.800003,73.699997,71.400002,72.750000,72.750000,298992
2017-07-04,72.650002,73.000000,71.000000,71.349998,71.349998,380696
2017-07-05,71.400002,72.750000,71.000000,71.599998,71.599998,242628
2017-07-06,71.250000,74.199997,71.250000,72.699997,72.699997,422010
2017-07-07,72.349998,73.750000,71.599998,72.150002,72.150002,346338
2017-07-10,72.599998,73.050003,72.199997,72.599998,72.599998,44467
2017-07-11,71.800003,77.500000,71.800003,74.699997,74.699997,1018632
2017-07-12,74.849998,77.500000,74.449997,77.050003,77.050003,682497
2017-07-13,77.949997,78.699997,76.050003,76.750000,76.750000,680598
2017-07-14,76.300003,76.949997,72.949997,73.949997,73.949997,441016
2017-07-17,73.250000,75.800003,73.250000,74.449997,74.449997,201917
2017-07-18,73.900002,74.400002,72.150002,72.900002,72.900002,228927
2017-07-19,73.349998,76.900002,72.800003,76.449997,76.449997,683311
2017-07-20,76.849998,77.500000,74.449997,75.000000,75.000000,665568
2017-07-21,75.000000,76.250000,74.550003,75.550003,75.550003,336731
2017-07-24,78.000000,81.250000,78.000000,78.849998,78.849998,1154519
2017-07-25,78.500000,79.000000,76.150002,76.849998,76.849998,255723
2017-07-26,77.550003,78.599998,76.699997,77.550003,77.550003,283821
2017-07-27,78.199997,78.650002,76.300003,76.699997,76.699997,368511
2017-07-28,76.199997,78.250000,76.199997,76.800003,76.800003,214042
2017-07-31,77.250000,77.500000,75.300003,75.650002,75.650002,228942
2017-08-01,75.800003,77.800003,75.500000,76.349998,76.349998,246411
2017-08-02,75.800003,76.449997,74.750000,75.099998,75.099998,153884
2017-08-03,75.000000,75.349998,73.449997,74.699997,74.699997,260436
2017-08-04,74.400002,75.900002,73.949997,75.349998,75.349998,189897
2017-08-07,75.300003,78.699997,74.750000,77.699997,77.699997,396309
2017-08-08,77.949997,78.500000,74.250000,75.199997,75.199997,441455
2017-08-09,74.750000,75.400002,73.250000,73.750000,73.750000,154390
2017-08-10,73.099998,73.849998,68.800003,69.550003,69.550003,255526
2017-08-11,68.500000,70.750000,67.050003,68.699997,68.699997,306816
2017-08-14,69.000000,72.000000,68.050003,71.699997,71.699997,263188
2017-08-16,72.300003,73.400002,71.250000,72.900002,72.900002,225867
2017-08-17,72.900002,78.800003,72.199997,77.699997,77.699997,1286891
2017-08-18,77.699997,78.449997,74.650002,75.800003,75.800003,454715
2017-08-21,76.500000,79.000000,75.949997,76.650002,76.650002,561948
2017-08-22,77.199997,77.750000,75.699997,76.699997,76.699997,305606
2017-08-23,77.250000,78.349998,74.699997,75.099998,75.099998,503598
2017-08-24,75.400002,76.400002,73.500000,73.949997,73.949997,414583
2017-08-28,77.500000,83.400002,77.050003,82.500000,82.500000,2834380
2017-08-29,82.500000,84.199997,80.050003,80.349998,80.349998,1216132
2017-08-30,81.250000,83.349998,80.099998,82.500000,82.500000,800948
2017-08-31,82.900002,82.900002,80.550003,82.099998,82.099998,688459
2017-09-01,82.449997,85.699997,81.449997,84.849998,84.849998,1960882
2017-09-04,84.800003,87.300003,82.900002,84.449997,84.449997,2081576
2017-09-05,84.150002,87.800003,84.150002,85.750000,85.750000,1244062
2017-09-06,85.650002,93.500000,85.150002,91.699997,91.699997,5901499
2017-09-07,92.750000,93.050003,88.949997,89.300003,89.300003,1630779
2017-09-08,89.699997,91.599998,88.250000,89.949997,89.949997,1821129
2017-09-11,90.500000,96.750000,89.300003,95.800003,95.800003,4446165
2017-09-12,98.000000,102.400002,97.250000,98.099998,98.099998,5849379
2017-09-13,98.250000,98.250000,92.199997,92.650002,92.650002,1516574
2017-09-14,93.500000,96.150002,92.800003,94.449997,94.449997,1489116
2017-09-15,93.449997,96.400002,91.000000,93.500000,93.500000,1566895
2017-09-18,94.500000,95.449997,93.150002,93.550003,93.550003,933003
2017-09-19,94.000000,98.199997,92.099998,95.050003,95.050003,2899117
2017-09-20,95.500000,95.500000,91.550003,91.849998,91.849998,2111859
2017-09-21,92.400002,93.199997,87.699997,89.500000,89.500000,1019498
2017-09-22,88.699997,89.000000,85.050003,85.550003,85.550003,1387760
2017-09-25,85.949997,85.949997,79.250000,81.050003,81.050003,1105492
2017-09-26,82.800003,86.199997,82.699997,84.599998,84.599998,1592905
2017-09-27,85.449997,86.750000,81.000000,82.150002,82.150002,1080075
2017-09-28,82.900002,90.800003,81.750000,89.949997,89.949997,2408296
2017-09-29,90.500000,91.400002,86.400002,87.400002,87.400002,983785
2017-10-03,88.900002,92.400002,87.900002,89.750000,89.750000,1170271
2017-10-04,90.000000,93.750000,88.650002,92.300003,92.300003,1397284
2017-10-05,92.949997,94.500000,91.800003,92.949997,92.949997,1032587
2017-10-06,93.400002,98.250000,92.800003,94.800003,94.800003,2094506
2017-10-09,95.699997,97.000000,94.500000,95.250000,95.250000,1075461
2017-10-10,95.900002,96.400002,93.550003,93.800003,93.800003,700152
2017-10-11,94.699997,99.400002,92.500000,94.699997,94.699997,2902439
2017-10-12,95.500000,98.150002,94.099998,97.099998,97.099998,1388209
2017-10-13,98.000000,98.750000,94.599998,95.449997,95.449997,1009709
2017-10-16,96.400002,96.400002,93.000000,93.599998,93.599998,607458
2017-10-17,93.599998,94.550003,91.800003,92.300003,92.300003,559440
2017-10-18,92.199997,92.800003,90.949997,91.400002,91.400002,557475
2017-10-19,91.400002,91.500000,88.750000,89.800003,89.800003,216362
2017-10-23,90.000000,91.349998,89.099998,89.550003,89.550003,461147
2017-10-24,89.849998,92.550003,88.750000,91.849998,91.849998,1008197
2017-10-25,92.800003,95.300003,88.800003,89.800003,89.800003,1075901
2017-10-26,89.949997,94.949997,89.000000,92.650002,92.650002,1825317
2017-10-27,93.400002,96.250000,91.800003,92.400002,92.400002,1468209
2017-10-30,93.750000,96.000000,92.849998,93.650002,93.650002,1108309
2017-10-31,94.000000,94.800003,92.099998,92.650002,92.650002,645171
2017-11-01,93.500000,98.250000,93.250000,96.250000,96.250000,2250766
2017-11-02,96.599998,101.000000,96.400002,97.449997,97.449997,1916923
2017-11-03,98.349998,104.599998,98.349998,102.099998,102.099998,4271451
2017-11-06,101.900002,111.500000,101.050003,106.800003,106.800003,5286765
2017-11-07,107.750000,119.000000,105.099998,115.699997,115.699997,8087734
2017-11-08,116.699997,119.000000,108.349998,111.449997,111.449997,3008903
2017-11-09,112.300003,117.000000,108.800003,115.800003,115.800003,1993463
2017-11-10,114.800003,115.750000,111.349998,112.650002,112.650002,1128028
2017-11-13,113.150002,120.000000,111.099998,116.750000,116.750000,3181816
2017-11-14,119.000000,130.699997,117.250000,128.449997,128.449997,7693383
2017-11-15,129.399994,134.399994,122.599998,125.800003,125.800003,5861617
2017-11-16,126.949997,127.900002,122.599998,125.699997,125.699997,2253932
2017-11-17,128.000000,128.699997,123.000000,123.800003,123.800003,1402139
2017-11-20,124.000000,126.000000,120.900002,121.849998,121.849998,1284200
2017-11-21,122.199997,125.900002,119.099998,120.250000,120.250000,1346105
2017-11-22,121.150002,125.699997,119.150002,121.550003,121.550003,2001624
2017-11-23,122.250000,131.500000,119.599998,127.849998,127.849998,4937353
2017-11-24,127.199997,129.899994,126.099998,127.949997,127.949997,2251988
2017-11-27,126.849998,134.300003,126.199997,133.000000,133.000000,3098515
2017-11-28,134.000000,134.800003,130.350006,130.949997,130.949997,1775466
2017-11-29,129.800003,131.350006,125.500000,126.500000,126.500000,1343879
2017-11-30,126.000000,128.199997,124.099998,125.250000,125.250000,1024056
2017-12-01,126.849998,136.500000,126.500000,129.699997,129.699997,4255529
2017-12-04,130.199997,136.449997,127.900002,132.399994,132.399994,2974665
2017-12-05,131.000000,131.500000,127.250000,127.949997,127.949997,946618
2017-12-06,126.550003,128.899994,123.250000,123.750000,123.750000,836717
2017-12-07,123.800003,128.350006,123.500000,126.800003,126.800003,871145
2017-12-08,127.449997,132.250000,126.550003,129.949997,129.949997,1451337
2017-12-11,130.449997,130.500000,126.599998,127.349998,127.349998,638790
2017-12-12,130.000000,139.000000,129.500000,137.149994,137.149994,4847953
2017-12-13,137.600006,141.500000,134.000000,134.600006,134.600006,3996693
2017-12-14,135.600006,135.699997,130.000000,132.199997,132.199997,1229864
2017-12-15,133.399994,136.600006,132.399994,132.850006,132.850006,971345
2017-12-18,130.699997,138.000000,124.849998,134.649994,134.649994,1271339
2017-12-19,135.050003,137.050003,134.050003,135.250000,135.250000,768829
2017-12-20,136.000000,139.500000,136.000000,136.350006,136.350006,1075306
2017-12-21,137.699997,137.699997,134.500000,135.000000,135.000000,640510
2017-12-22,135.149994,137.000000,132.300003,133.449997,133.449997,832828
2017-12-26,135.000000,138.399994,135.000000,135.850006,135.850006,894056
2017-12-27,138.699997,139.699997,134.000000,135.300003,135.300003,1310208
2017-12-28,135.050003,138.199997,133.100006,133.649994,133.649994,1066292
2017-12-29,134.800003,135.800003,132.100006,132.699997,132.699997,777769
2018-01-01,133.050003,134.399994,129.500000,129.949997,129.949997,795867
2018-01-02,131.050003,134.500000,127.099998,132.050003,132.050003,1626754
2018-01-03,132.000000,132.899994,129.899994,130.399994,130.399994,726896
2018-01-04,131.750000,133.600006,130.100006,131.600006,131.600006,801643
2018-01-05,132.300003,135.449997,131.500000,133.199997,133.199997,1790219
2018-01-08,133.199997,143.000000,130.649994,141.699997,141.699997,5076044
2018-01-09,145.000000,145.750000,138.550003,139.600006,139.600006,3613125
2018-01-10,141.000000,148.500000,139.750000,144.050003,144.050003,5769939
2018-01-11,143.949997,152.899994,143.000000,151.800003,151.800003,6031527
2018-01-12,153.350006,153.350006,145.000000,146.800003,146.800003,3293075
2018-01-15,147.250000,148.800003,143.000000,144.100006,144.100006,1091315
2018-01-16,144.850006,146.399994,137.300003,138.949997,138.949997,1303679
2018-01-17,138.800003,140.949997,131.699997,139.850006,139.850006,1326290
2018-01-18,140.500000,141.699997,132.300003,133.600006,133.600006,966877
2018-01-19,132.500000,134.850006,129.350006,132.100006,132.100006,755543
2018-01-22,136.500000,147.000000,135.750000,143.750000,143.750000,4186381
2018-01-23,144.500000,144.899994,137.250000,141.149994,141.149994,1576261
2018-01-24,141.899994,143.399994,136.699997,137.399994,137.399994,1225941
2018-01-25,138.100006,139.699997,133.500000,134.449997,134.449997,1094898
2018-01-29,135.600006,137.899994,132.000000,132.550003,132.550003,2282313
2018-01-30,131.000000,132.449997,127.800003,130.149994,130.149994,774959
2018-01-31,128.000000,129.800003,125.650002,126.849998,126.849998,1058310
2018-02-01,127.500000,131.350006,124.750000,128.050003,128.050003,695539
2018-02-02,124.000000,128.000000,117.900002,121.099998,121.099998,1379427
2018-02-05,113.099998,119.300003,112.699997,118.300003,118.300003,901526
2018-02-06,110.099998,114.000000,110.099998,111.750000,111.750000,969632
2018-02-07,115.000000,123.000000,115.000000,118.849998,118.849998,1149386
2018-02-08,120.699997,123.750000,119.800003,121.699997,121.699997,821550
2018-02-09,116.300003,121.099998,116.300003,119.000000,119.000000,792533
2018-02-12,120.449997,122.599998,120.300003,120.900002,120.900002,488410
2018-02-14,122.400002,123.449997,120.349998,121.050003,121.050003,493492
2018-02-15,122.300003,126.500000,119.250000,120.750000,120.750000,1275077
2018-02-16,122.449997,124.449997,119.949997,121.000000,121.000000,674711
2018-02-19,123.900002,123.900002,117.050003,120.949997,120.949997,593559
2018-02-20,121.949997,122.599998,120.050003,121.050003,121.050003,325957
2018-02-21,122.949997,122.949997,118.099998,118.849998,118.849998,388081
2018-02-22,118.050003,118.449997,115.199997,115.699997,115.699997,462196
2018-02-23,116.699997,118.599998,116.150002,116.699997,116.699997,463592
2018-02-26,117.699997,119.000000,117.400002,118.449997,118.449997,340977
2018-02-27,118.599998,123.400002,117.050003,122.199997,122.199997,820840
2018-02-28,120.000000,121.750000,118.800003,119.599998,119.599998,342246
2018-03-01,118.500000,120.300003,117.300003,117.599998,117.599998,338846
2018-03-05,117.449997,118.300003,113.800003,114.349998,114.349998,517801
2018-03-06,115.949997,116.500000,109.199997,110.650002,110.650002,355948
2018-03-07,109.900002,109.900002,102.550003,103.699997,103.699997,805795
2018-03-08,105.099998,105.550003,97.750000,102.800003,102.800003,938640
2018-03-09,103.699997,105.949997,102.250000,102.849998,102.849998,429389
2018-03-12,104.050003,104.949997,100.599998,103.699997,103.699997,441617
2018-03-13,103.500000,108.699997,102.599998,107.900002,107.900002,720693
2018-03-14,107.000000,113.699997,105.750000,112.750000,112.750000,1048683
2018-03-15,112.000000,113.849998,110.699997,111.599998,111.599998,534705
2018-03-16,111.849998,112.699997,107.500000,109.400002,109.400002,339198
2018-03-19,109.699997,110.900002,103.500000,104.750000,104.750000,320249
2018-03-20,103.800003,106.599998,102.500000,103.750000,103.750000,420135
2018-03-21,104.599998,111.000000,104.599998,109.300003,109.300003,652952
2018-03-22,111.300003,118.800003,111.300003,114.949997,114.949997,2225229
2018-03-23,110.800003,111.900002,108.650002,110.150002,110.150002,629174
2018-03-26,112.000000,116.000000,109.000000,112.050003,112.050003,1298817
2018-03-27,113.500000,115.849998,112.550003,113.449997,113.449997,487579
2018-03-28,112.250000,112.449997,110.000000,110.449997,110.449997,400707
2018-04-02,111.699997,116.099998,111.699997,115.300003,115.300003,428924
2018-04-03,114.300003,116.300003,113.099998,114.550003,114.550003,765492
2018-04-04,115.250000,119.849998,114.750000,115.800003,115.800003,945833
2018-04-05,118.949997,119.949997,117.300003,118.599998,118.599998,599653
2018-04-06,118.849998,119.699997,116.550003,118.400002,118.400002,459994
2018-04-09,119.000000,125.800003,119.000000,124.699997,124.699997,1945817
2018-04-10,124.949997,125.300003,121.349998,122.099998,122.099998,716124
2018-04-11,124.949997,127.699997,123.300003,125.550003,125.550003,2070378
2018-04-12,127.000000,127.699997,125.199997,126.349998,126.349998,985732
2018-04-13,125.900002,125.900002,122.500000,123.800003,123.800003,506911
2018-04-16,121.400002,123.500000,121.300003,123.050003,123.050003,349582
2018-04-17,123.000000,125.599998,121.750000,124.300003,124.300003,563038
2018-04-18,124.300003,125.599998,122.449997,123.150002,123.150002,415922
2018-04-19,127.099998,128.500000,125.300003,126.650002,126.650002,1279983
2018-04-20,126.699997,127.300003,123.800003,124.849998,124.849998,455544
2018-04-23,125.449997,126.400002,123.050003,124.650002,124.650002,436795
2018-04-24,126.000000,129.199997,125.400002,127.400002,127.400002,1259056
2018-04-25,126.349998,126.900002,123.650002,125.550003,125.550003,549196
2018-04-26,125.949997,126.000000,123.699997,124.300003,124.300003,288641
2018-04-27,124.099998,126.800003,123.199997,124.650002,124.650002,519151
2018-04-30,124.500000,127.500000,123.599998,124.599998,124.599998,646262
2018-05-02,125.000000,125.300003,121.599998,122.199997,122.199997,395413
2018-05-03,122.250000,122.400002,119.099998,119.400002,119.400002,382487
2018-05-04,119.349998,120.400002,119.000000,119.949997,119.949997,265395
2018-05-07,122.500000,123.900002,121.500000,122.699997,122.699997,446626
2018-05-08,124.699997,125.099998,122.000000,122.349998,122.349998,407217
2018-05-09,124.449997,131.000000,124.099998,129.800003,129.800003,1810914
2018-05-10,131.300003,134.000000,128.500000,130.500000,130.500000,1480668
2018-05-11,132.100006,133.449997,130.050003,132.449997,132.449997,958038
2018-05-14,134.899994,135.000000,128.250000,130.600006,130.600006,1324608
2018-05-15,130.949997,137.699997,130.649994,136.399994,136.399994,1479360
2018-05-16,135.100006,141.000000,134.250000,140.199997,140.199997,1762639
2018-05-17,141.899994,144.699997,140.000000,143.800003,143.800003,1510837
2018-05-18,144.250000,144.500000,140.250000,140.600006,140.600006,685451
2018-05-21,141.000000,142.750000,131.449997,133.649994,133.649994,881100
2018-05-22,134.000000,138.399994,131.250000,135.699997,135.699997,648996
2018-05-23,136.699997,137.500000,131.699997,134.850006,134.850006,648491
2018-05-24,134.149994,135.000000,129.600006,130.500000,130.500000,408498
2018-05-25,129.800003,131.949997,123.000000,128.500000,128.500000,903925
2018-05-28,126.050003,127.500000,124.099998,125.000000,125.000000,446771
2018-05-29,125.000000,129.149994,124.650002,127.849998,127.849998,332769
2018-05-30,126.199997,128.000000,124.000000,126.750000,126.750000,280761
2018-05-31,128.500000,128.850006,124.099998,124.699997,124.699997,287819
2018-06-01,125.099998,125.099998,120.900002,121.500000,121.500000,327599
2018-06-04,121.000000,122.250000,116.000000,116.400002,116.400002,324106
2018-06-05,115.050003,115.050003,106.000000,107.449997,107.449997,631353
2018-06-06,105.300003,112.000000,104.050003,111.300003,111.300003,513472
2018-06-07,112.000000,114.750000,111.400002,113.449997,113.449997,332037
2018-06-08,113.300003,117.500000,112.550003,116.699997,116.699997,379342
2018-06-11,117.000000,121.250000,117.000000,120.000000,120.000000,391975
2018-06-12,119.500000,122.800003,119.150002,121.050003,121.050003,324006
2018-06-13,120.949997,123.699997,120.050003,122.599998,122.599998,402527
2018-06-14,122.000000,147.100006,119.599998,141.199997,141.199997,5459414
2018-06-15,149.000000,151.000000,140.100006,142.600006,142.600006,6474809
2018-06-18,140.000000,140.000000,133.100006,136.100006,136.100006,1155870
2018-06-19,133.199997,138.100006,131.000000,131.649994,131.649994,1005162
2018-06-20,132.000000,137.250000,129.850006,134.800003,134.800003,1068742
2018-06-21,134.800003,135.000000,131.000000,131.649994,131.649994,494499
2018-06-22,131.250000,131.850006,127.300003,128.500000,128.500000,569719
2018-06-25,128.149994,131.500000,126.599998,128.300003,128.300003,565662
2018-06-26,126.900002,126.900002,124.199997,125.050003,125.050003,361627
2018-06-27,127.300003,130.550003,122.550003,127.300003,127.300003,715254
2018-06-28,129.000000,134.000000,127.300003,129.649994,129.649994,1363135
2018-06-29,130.899994,132.000000,129.500000,130.300003,130.300003,479035
2018-07-02,128.100006,131.399994,126.449997,128.699997,128.699997,425451
2018-07-03,128.000000,131.000000,126.400002,129.649994,129.649994,458030
2018-07-04,128.300003,129.500000,126.599998,127.449997,127.449997,235708
2018-07-05,127.000000,129.500000,126.599998,127.900002,127.900002,384392
2018-07-06,127.099998,128.899994,125.000000,126.400002,126.400002,377728
2018-07-09,127.000000,129.899994,126.099998,128.550003,128.550003,320618
2018-07-10,128.550003,132.500000,128.000000,131.750000,131.750000,679565
2018-07-11,131.250000,136.000000,130.250000,132.350006,132.350006,671517
2018-07-12,131.149994,134.500000,130.199997,133.000000,133.000000,515076
2018-07-13,138.000000,141.899994,134.199997,139.949997,139.949997,1583140
2018-07-16,140.500000,144.800003,135.000000,135.750000,135.750000,839922
2018-07-17,133.199997,138.199997,131.399994,136.800003,136.800003,610917
2018-07-18,136.949997,139.000000,132.050003,133.899994,133.899994,588024
2018-07-19,135.449997,136.949997,130.699997,133.199997,133.199997,525739
2018-07-20,134.149994,138.850006,133.699997,137.750000,137.750000,937301
2018-07-23,137.350006,144.000000,133.250000,134.199997,134.199997,2339731
2018-07-24,135.000000,137.399994,133.300003,135.050003,135.050003,689873
2018-07-25,135.699997,136.899994,134.100006,134.600006,134.600006,314688
2018-07-26,135.600006,135.850006,131.800003,134.149994,134.149994,395252
2018-07-27,134.399994,137.399994,133.600006,134.899994,134.899994,444745
2018-07-30,135.050003,136.300003,134.050003,135.100006,135.100006,295137
2018-07-31,134.800003,140.899994,133.949997,136.550003,136.550003,796508
2018-08-01,137.100006,145.699997,136.149994,139.699997,139.699997,1703697
2018-08-02,142.000000,144.449997,140.100006,141.100006,141.100006,1560992
2018-08-03,141.050003,145.550003,141.000000,141.850006,141.850006,1037103
2018-08-06,141.949997,145.399994,141.350006,143.750000,143.750000,627911
2018-08-07,145.300003,161.899994,144.800003,156.649994,156.649994,5566679
2018-08-08,156.949997,160.399994,154.250000,156.350006,156.350006,1807090
2018-08-09,154.850006,164.800003,154.050003,162.649994,162.649994,2651591
2018-08-10,161.899994,161.899994,146.449997,149.600006,149.600006,1490697
2018-08-13,146.800003,153.699997,143.199997,148.899994,148.899994,1051762
2018-08-14,148.850006,151.699997,147.449997,149.600006,149.600006,600158
2018-08-16,149.000000,151.699997,146.600006,148.050003,148.050003,730624
2018-08-17,148.000000,150.699997,146.800003,149.850006,149.850006,506178
2018-08-20,151.399994,155.699997,149.149994,152.300003,152.300003,1083562
2018-08-21,152.000000,155.649994,150.449997,152.050003,152.050003,754919
2018-08-23,152.500000,154.899994,145.699997,147.350006,147.350006,862992
2018-08-24,147.050003,150.449997,147.050003,148.149994,148.149994,514043
2018-08-27,148.399994,151.149994,147.100006,148.300003,148.300003,498322
2018-08-28,148.300003,157.399994,148.300003,152.199997,152.199997,1701808
2018-08-29,153.600006,157.500000,151.949997,153.199997,153.199997,969623
2018-08-30,154.899994,156.199997,152.949997,153.800003,153.800003,801707
2018-08-31,154.199997,157.500000,153.050003,153.750000,153.750000,874147
2018-09-03,154.050003,154.500000,148.300003,149.500000,149.500000,521345
2018-09-04,150.199997,150.800003,145.500000,146.850006,146.850006,577238
2018-09-05,148.800003,152.399994,146.100006,151.500000,151.500000,993569
2018-09-06,152.600006,152.600006,148.600006,150.649994,150.649994,347990
2018-09-07,150.500000,151.500000,148.300003,149.100006,149.100006,710105
2018-09-10,149.699997,149.750000,147.149994,148.050003,148.050003,258909
2018-09-11,148.100006,148.550003,140.699997,141.750000,141.750000,514844
2018-09-12,142.699997,143.600006,138.199997,142.149994,142.149994,609476
2018-09-14,143.899994,145.300003,141.199997,142.149994,142.149994,448705
2018-09-17,141.500000,148.699997,139.649994,147.250000,147.250000,671047
2018-09-18,148.000000,155.550003,146.300003,148.600006,148.600006,1277264
2018-09-19,151.199997,153.500000,148.050003,149.949997,149.949997,743546
2018-09-21,150.500000,151.500000,131.699997,137.750000,137.750000,1025849
2018-09-24,139.300003,140.550003,133.649994,134.750000,134.750000,456950
2018-09-25,135.000000,136.949997,131.750000,134.699997,134.699997,497010
2018-09-26,135.449997,135.649994,131.850006,132.800003,132.800003,352832
2018-09-27,133.500000,133.750000,131.050003,131.699997,131.699997,261712
2018-09-28,132.899994,133.300003,124.000000,125.599998,125.599998,650610
2018-10-01,122.800003,128.399994,121.099998,127.550003,127.550003,413392
2018-10-03,131.000000,136.500000,130.100006,134.449997,134.449997,717192
2018-10-04,132.800003,136.000000,128.300003,130.600006,130.600006,431337
2018-10-05,129.850006,129.850006,119.500000,120.550003,120.550003,712147
2018-10-08,118.500000,121.900002,115.400002,117.000000,117.000000,464134
2018-10-09,117.699997,120.699997,117.150002,118.250000,118.250000,320579
2018-10-10,118.949997,125.099998,118.000000,124.250000,124.250000,376008
2018-10-11,119.750000,132.000000,117.500000,124.000000,124.000000,857659
2018-10-12,124.949997,131.000000,124.949997,126.500000,126.500000,431035
2018-10-15,127.500000,129.500000,125.000000,128.699997,128.699997,266247
2018-10-16,130.500000,133.550003,130.500000,131.949997,131.949997,421817
2018-10-17,133.500000,133.800003,129.600006,130.550003,130.550003,320568
2018-10-19,131.500000,140.800003,131.300003,139.300003,139.300003,1351753
2018-10-22,139.300003,143.899994,134.800003,141.600006,141.600006,1134318
2018-10-23,141.649994,144.000000,132.300003,133.600006,133.600006,1516355
2018-10-24,133.500000,135.600006,129.500000,130.800003,130.800003,565176
2018-10-25,129.949997,129.949997,125.400002,126.099998,126.099998,343342
2018-10-26,126.800003,130.449997,125.550003,127.949997,127.949997,380472
2018-10-29,129.000000,131.199997,127.000000,130.199997,130.199997,286014
2018-10-30,130.199997,130.449997,127.000000,128.149994,128.149994,368129
2018-10-31,129.699997,129.699997,126.400002,128.699997,128.699997,291449
2018-11-01,129.600006,136.500000,129.000000,132.699997,132.699997,705926
2018-11-02,132.800003,137.300003,131.550003,132.699997,132.699997,600516
2018-11-05,132.750000,135.500000,132.000000,133.350006,133.350006,219644
2018-11-06,134.000000,134.399994,131.199997,132.199997,132.199997,162599
2018-11-07,133.250000,134.949997,133.100006,134.050003,134.050003,161539
2018-11-09,135.300003,135.300003,131.500000,131.750000,131.750000,196083
2018-11-12,132.649994,141.399994,130.500000,136.100006,136.100006,995823
2018-11-13,134.199997,137.699997,132.600006,135.449997,135.449997,530615
2018-11-14,134.800003,134.800003,130.949997,131.750000,131.750000,310917
2018-11-15,132.199997,133.000000,130.600006,131.600006,131.600006,221674
2018-11-16,132.649994,132.699997,129.000000,129.750000,129.750000,280050
2018-11-19,130.000000,130.449997,127.900002,128.300003,128.300003,176910
2018-11-20,127.150002,128.500000,126.000000,126.150002,126.150002,316947
2018-11-21,124.300003,126.699997,120.550003,121.300003,121.300003,396957
2018-11-22,122.300003,124.400002,121.300003,122.449997,122.449997,250774
2018-11-26,123.000000,123.300003,120.800003,122.550003,122.550003,176203
2018-11-27,122.449997,122.449997,120.000000,120.750000,120.750000,216046
2018-11-28,120.400002,122.800003,119.550003,120.800003,120.800003,242763
2018-11-29,121.000000,124.849998,118.900002,123.699997,123.699997,291773
2018-11-30,124.199997,124.800003,123.000000,123.400002,123.400002,197171
2018-12-03,124.650002,125.300003,123.000000,124.099998,124.099998,173465
2018-12-04,124.000000,124.000000,122.150002,122.900002,122.900002,126886
2018-12-05,121.449997,123.599998,118.650002,119.300003,119.300003,254847
2018-12-06,118.250000,119.599998,116.800003,117.050003,117.050003,214901
2018-12-07,117.199997,117.800003,112.699997,115.699997,115.699997,329833
2018-12-10,116.000000,117.849998,115.500000,116.500000,116.500000,204531
2018-12-11,115.000000,122.400002,113.250000,120.849998,120.849998,295173
2018-12-12,120.199997,124.900002,120.050003,124.300003,124.300003,183409
2018-12-13,125.099998,126.250000,120.900002,122.699997,122.699997,234623
2018-12-14,121.349998,121.900002,119.750000,120.800003,120.800003,144380
2018-12-17,121.599998,124.699997,121.000000,122.550003,122.550003,181315
2018-12-18,121.000000,123.400002,120.699997,121.800003,121.800003,122762
2018-12-19,122.349998,122.349998,120.150002,120.849998,120.849998,174815
2018-12-20,120.199997,124.849998,119.750000,124.150002,124.150002,379287
2018-12-21,123.949997,123.949997,120.199997,121.000000,121.000000,178147
2018-12-24,121.000000,122.699997,119.199997,120.199997,120.199997,193835
2018-12-26,119.550003,119.599998,115.150002,116.650002,116.650002,258229
2018-12-27,118.500000,121.000000,117.349998,118.099998,118.099998,433068
2018-12-28,118.199997,121.000000,117.699997,119.349998,119.349998,250006
2018-12-31,119.300003,120.900002,117.599998,118.099998,118.099998,128068
2019-01-01,118.199997,120.400002,117.699997,118.849998,118.849998,129562
2019-01-02,118.000000,120.000000,117.599998,118.300003,118.300003,137893
2019-01-03,118.949997,119.199997,116.599998,117.050003,117.050003,101633
2019-01-04,118.000000,118.099998,116.099998,116.900002,116.900002,159085
2019-01-07,117.500000,118.800003,116.699997,117.300003,117.300003,157003
2019-01-08,116.900002,117.900002,116.349998,117.400002,117.400002,129233
2019-01-09,118.050003,122.400002,117.750000,120.699997,120.699997,374856
2019-01-10,124.900002,124.900002,121.099998,121.699997,121.699997,457912
2019-01-11,122.449997,122.449997,119.000000,119.849998,119.849998,226584
2019-01-14,119.949997,120.349998,117.599998,118.199997,118.199997,107625
2019-01-15,118.199997,119.900002,118.050003,119.099998,119.099998,120302
2019-01-16,119.400002,126.949997,119.300003,125.400002,125.400002,518074
2019-01-17,125.800003,130.500000,125.800003,127.599998,127.599998,955797
2019-01-18,127.699997,132.649994,127.699997,131.600006,131.600006,768250
2019-01-21,131.000000,131.000000,123.699997,125.949997,125.949997,639677
2019-01-22,126.199997,127.599998,118.000000,119.349998,119.349998,577521
2019-01-23,119.849998,123.500000,117.500000,118.050003,118.050003,437638
2019-01-24,118.949997,120.000000,116.750000,117.400002,117.400002,231433
2019-01-25,119.250000,119.250000,114.500000,115.150002,115.150002,169664
2019-01-28,113.800003,114.900002,104.300003,106.250000,106.250000,986279
2019-01-29,106.949997,109.050003,103.199997,106.150002,106.150002,700245
2019-01-30,107.050003,110.900002,106.650002,110.300003,110.300003,264197
2019-01-31,111.099998,113.150002,108.449997,109.400002,109.400002,234399
2019-02-01,107.900002,110.800003,107.300003,108.550003,108.550003,314916
2019-02-04,107.050003,110.099998,106.449997,107.150002,107.150002,125112
2019-02-05,107.050003,108.699997,104.550003,106.599998,106.599998,145312
2019-02-06,108.000000,108.449997,104.750000,105.300003,105.300003,178651
2019-02-07,105.900002,108.949997,105.099998,108.300003,108.300003,178800
2019-02-08,108.750000,108.750000,105.250000,107.550003,107.550003,139801
2019-02-11,106.599998,108.000000,105.199997,106.000000,106.000000,180772
2019-02-12,106.099998,107.900002,105.500000,106.949997,106.949997,130773
2019-02-14,110.349998,125.000000,108.449997,115.449997,115.449997,430928
2019-02-15,116.000000,117.900002,114.150002,116.500000,116.500000,208390
2019-02-18,118.250000,118.900002,113.000000,114.650002,114.650002,257145
2019-02-19,114.000000,114.849998,111.250000,111.750000,111.750000,142320
2019-02-20,119.000000,120.000000,115.750000,117.449997,117.449997,688469
2019-02-21,116.900002,116.900002,114.599998,116.400002,116.400002,157408
2019-02-22,115.500000,117.900002,115.099998,116.599998,116.599998,181454
2019-02-25,116.750000,121.349998,115.199997,119.000000,119.000000,454554
2019-02-26,116.000000,117.800003,113.550003,116.949997,116.949997,277857
2019-02-27,116.650002,119.650002,114.000000,114.500000,114.500000,206815
2019-02-28,115.400002,116.849998,114.500000,115.050003,115.050003,129998
2019-03-01,115.949997,121.000000,115.300003,119.500000,119.500000,265045
2019-03-05,121.300003,124.250000,120.000000,123.199997,123.199997,422736
2019-03-06,124.500000,132.750000,123.599998,129.000000,129.000000,1241784
2019-03-07,128.750000,129.500000,124.550003,126.050003,126.050003,392591
2019-03-08,126.099998,126.900002,123.500000,124.699997,124.699997,199237
2019-03-11,123.599998,127.800003,123.599998,127.099998,127.099998,199470
2019-03-12,127.599998,129.949997,126.250000,127.099998,127.099998,295032
2019-03-13,126.199997,134.500000,126.199997,130.949997,130.949997,801134
2019-03-14,131.000000,132.649994,128.100006,129.750000,129.750000,267637
2019-03-15,130.000000,130.949997,123.349998,125.150002,125.150002,326774
2019-03-18,126.400002,129.000000,125.550003,127.750000,127.750000,241170
2019-03-19,127.949997,128.800003,125.750000,127.300003,127.300003,126093
2019-03-20,129.699997,129.699997,126.300003,127.000000,127.000000,279760
2019-03-22,128.000000,128.899994,126.000000,127.000000,127.000000,587096
2019-03-25,126.400002,126.400002,123.699997,124.250000,124.250000,197209
2019-03-26,127.500000,127.500000,125.099998,126.050003,126.050003,225040
2019-03-27,126.250000,131.399994,126.099998,130.550003,130.550003,527427
2019-03-28,130.500000,130.949997,127.949997,129.050003,129.050003,175097
2019-04-01,130.699997,134.350006,130.250000,131.199997,131.199997,300874
2019-04-02,133.649994,134.800003,130.600006,131.500000,131.500000,332266
2019-04-03,132.050003,132.899994,126.199997,127.300003,127.300003,607905
2019-04-04,128.100006,129.050003,122.900002,124.050003,124.050003,304240
2019-04-05,125.000000,128.000000,123.500000,126.000000,126.000000,229437
2019-04-08,126.800003,128.500000,125.800003,126.150002,126.150002,218521
2019-04-09,129.000000,136.399994,128.100006,129.699997,129.699997,1063221
2019-04-10,129.449997,129.600006,127.050003,127.650002,127.650002,176564
2019-04-11,128.000000,128.649994,124.199997,125.250000,125.250000,195124
2019-04-12,125.250000,127.349998,124.849998,126.900002,126.900002,209921
2019-04-15,126.199997,127.800003,126.000000,126.400002,126.400002,105958
2019-04-16,127.050003,128.800003,125.300003,127.250000,127.250000,208099
2019-04-18,127.849998,127.849998,124.949997,126.150002,126.150002,221843
2019-04-22,127.500000,128.500000,125.250000,125.800003,125.800003,292107
2019-04-23,126.849998,130.500000,125.349998,128.649994,128.649994,395802
2019-04-24,130.000000,132.199997,126.599998,127.199997,127.199997,302211
2019-04-25,127.500000,128.850006,126.900002,128.050003,128.050003,194634
2019-04-26,128.100006,129.000000,127.000000,127.900002,127.900002,181845
2019-04-30,127.099998,127.400002,122.400002,124.099998,124.099998,228926
2019-05-02,122.699997,124.650002,121.949997,123.400002,123.400002,155286
2019-05-03,123.400002,125.849998,121.650002,123.349998,123.349998,144356
2019-05-06,122.650002,123.800003,121.500000,121.750000,121.750000,153704
2019-05-07,122.500000,126.400002,121.900002,123.400002,123.400002,203864
2019-05-08,122.449997,126.199997,121.500000,123.050003,123.050003,195547
2019-05-09,123.300003,125.199997,122.250000,123.550003,123.550003,143139
2019-05-10,123.849998,125.000000,122.750000,123.949997,123.949997,165834
2019-05-13,124.099998,124.800003,120.550003,122.000000,122.000000,139527
2019-05-14,122.349998,124.500000,120.000000,123.900002,123.900002,156878
2019-05-15,131.399994,132.000000,126.199997,127.150002,127.150002,1053483
2019-05-16,128.300003,128.399994,124.449997,125.099998,125.099998,179720
2019-05-17,124.900002,126.750000,122.099998,122.900002,122.900002,252339
2019-05-20,125.000000,127.849998,124.250000,125.449997,125.449997,279378
2019-05-21,125.099998,126.949997,124.250000,124.849998,124.849998,149871
2019-05-22,124.849998,125.900002,124.099998,124.599998,124.599998,138261
2019-05-23,125.199997,127.199997,123.500000,123.949997,123.949997,218534
2019-05-24,124.500000,126.949997,123.449997,126.150002,126.150002,279709
2019-05-27,126.000000,131.000000,125.199997,129.800003,129.800003,370612
2019-05-28,135.600006,135.600006,131.550003,132.850006,132.850006,324114
2019-05-29,132.000000,133.500000,130.199997,130.500000,130.500000,181821
2019-05-30,129.350006,132.899994,129.199997,131.449997,131.449997,205625
2019-05-31,131.600006,131.600006,128.300003,129.149994,129.149994,238722
2019-06-03,128.000000,128.000000,125.699997,126.250000,126.250000,174649
2019-06-04,125.550003,131.399994,125.550003,127.400002,127.400002,180145
2019-06-06,127.400002,128.250000,122.250000,123.300003,123.300003,160817
2019-06-07,123.400002,124.900002,122.000000,123.150002,123.150002,151430
2019-06-10,124.900002,124.900002,121.500000,122.599998,122.599998,95227
2019-06-11,123.099998,123.500000,120.500000,122.349998,122.349998,152447
2019-06-12,122.599998,122.599998,120.550003,121.150002,121.150002,89903
2019-06-13,121.250000,121.800003,117.699997,120.949997,120.949997,165538
2019-06-14,120.050003,120.650002,118.500000,119.099998,119.099998,65727
2019-06-17,119.150002,119.900002,116.099998,117.199997,117.199997,91769
2019-06-18,116.500000,118.400002,114.599998,116.250000,116.250000,182958
2019-06-19,116.650002,117.699997,113.500000,114.199997,114.199997,153655
2019-06-20,114.199997,117.250000,110.000000,115.849998,115.849998,166902
2019-06-21,117.250000,119.550003,116.199997,118.099998,118.099998,173226
2019-06-24,120.000000,120.800003,118.449997,120.300003,120.300003,162829
2019-06-25,119.550003,119.949997,118.599998,119.199997,119.199997,76839
2019-06-26,119.000000,119.800003,118.099998,118.900002,118.900002,116675
2019-06-27,119.400002,124.000000,118.400002,122.750000,122.750000,369310
2019-06-28,123.000000,126.000000,120.949997,123.300003,123.300003,265652
2019-07-01,123.099998,128.500000,121.599998,126.599998,126.599998,346954
2019-07-02,127.000000,129.699997,124.199997,127.800003,127.800003,384833
2019-07-03,128.199997,129.250000,126.300003,127.699997,127.699997,249723
2019-07-04,127.599998,128.199997,126.000000,127.150002,127.150002,77781
2019-07-05,126.550003,128.899994,124.199997,126.650002,126.650002,184837
2019-07-08,126.000000,127.500000,124.349998,125.699997,125.699997,160729
2019-07-09,125.199997,126.500000,123.599998,125.099998,125.099998,166957
2019-07-10,125.099998,126.750000,123.400002,124.199997,124.199997,108767
2019-07-11,125.900002,127.150002,125.150002,126.050003,126.050003,112120
2019-07-12,127.099998,129.949997,124.500000,128.149994,128.149994,335644
2019-07-15,128.000000,128.000000,126.099998,127.449997,127.449997,98103
2019-07-16,126.849998,128.199997,126.099998,127.599998,127.599998,101191
2019-07-17,127.599998,130.699997,127.050003,129.649994,129.649994,249474
2019-07-18,127.750000,130.500000,126.699997,128.350006,128.350006,172053
2019-07-19,128.000000,128.300003,126.000000,127.199997,127.199997,208790
2019-07-22,127.199997,127.900002,125.000000,126.949997,126.949997,148570
2019-07-23,126.400002,127.150002,124.300003,125.449997,125.449997,171362
2019-07-24,126.550003,126.900002,121.500000,124.400002,124.400002,251129
2019-07-25,124.400002,126.500000,120.349998,125.599998,125.599998,202342
2019-07-26,125.000000,128.100006,123.900002,125.250000,125.250000,201732
2019-07-29,124.300003,125.400002,122.800003,123.900002,123.900002,94041
2019-07-30,123.500000,125.099998,114.800003,116.550003,116.550003,184401
2019-07-31,116.300003,118.800003,114.150002,115.099998,115.099998,184674
2019-08-01,115.099998,115.949997,110.349998,114.099998,114.099998,196827
2019-08-02,113.000000,114.800003,110.500000,113.949997,113.949997,271856
2019-08-05,113.650002,113.650002,110.699997,111.750000,111.750000,128383
2019-08-06,110.300003,110.300003,101.900002,102.800003,102.800003,654261
2019-08-07,103.000000,105.949997,102.050003,102.550003,102.550003,281678
2019-08-08,102.199997,103.400002,97.650002,101.500000,101.500000,246235
2019-08-09,102.699997,103.900002,100.800003,102.900002,102.900002,120913
2019-08-13,104.800003,105.699997,102.449997,104.150002,104.150002,213968
2019-08-14,104.150002,104.800003,101.400002,103.300003,103.300003,117071
2019-08-16,103.900002,106.000000,100.000000,102.650002,102.650002,213040
2019-08-19,102.500000,104.449997,102.449997,103.699997,103.699997,76309
2019-08-20,104.150002,104.349998,101.349998,101.900002,101.900002,841053
2019-08-21,102.949997,102.949997,100.000000,100.349998,100.349998,219136
2019-08-22,101.699997,101.699997,95.050003,95.900002,95.900002,138366
2019-08-23,93.599998,96.050003,89.349998,95.500000,95.500000,332507
2019-08-26,96.949997,96.949997,93.500000,95.199997,95.199997,156302
2019-08-27,96.000000,99.000000,95.300003,97.849998,97.849998,189898
2019-08-28,97.900002,100.900002,96.750000,99.449997,99.449997,170168
2019-08-29,99.000000,99.599998,97.000000,98.099998,98.099998,97083
2019-08-30,98.650002,98.650002,95.400002,96.000000,96.000000,126511
2019-09-03,96.000000,96.000000,93.599998,93.949997,93.949997,95668
2019-09-04,94.400002,94.599998,91.550003,93.400002,93.400002,81550
2019-09-05,93.599998,97.400002,93.400002,94.849998,94.849998,109353
2019-09-06,95.599998,95.650002,94.150002,95.050003,95.050003,78279
2019-09-09,95.000000,104.400002,94.449997,103.599998,103.599998,220287
2019-09-11,103.550003,110.000000,101.900002,109.449997,109.449997,212670
2019-09-12,112.500000,114.699997,109.400002,110.250000,110.250000,371251
2019-09-13,110.900002,110.900002,105.500000,107.550003,107.550003,184608
2019-09-16,109.699997,115.000000,109.300003,109.849998,109.849998,445778
2019-09-17,110.699997,112.699997,106.650002,107.699997,107.699997,240961
2019-09-18,108.000000,108.400002,104.949997,105.650002,105.650002,99822
2019-09-19,105.650002,105.650002,100.500000,101.099998,101.099998,110320
2019-09-20,101.099998,105.199997,96.000000,101.849998,101.849998,258512
2019-09-23,104.000000,106.199997,102.300003,104.250000,104.250000,164141
2019-09-24,104.550003,105.500000,102.449997,104.849998,104.849998,103304
2019-09-25,102.250000,104.000000,100.349998,101.900002,101.900002,85172
2019-09-26,102.550003,104.949997,100.150002,101.150002,101.150002,164567
2019-09-27,102.699997,102.750000,99.750000,100.349998,100.349998,218134
2019-09-30,99.099998,100.550003,97.550003,98.300003,98.300003,133904
2019-10-01,99.099998,100.000000,91.349998,93.849998,93.849998,357315
2019-10-03,93.900002,96.300003,92.699997,94.150002,94.150002,131075
2019-10-04,94.949997,94.949997,92.900002,93.550003,93.550003,119791
2019-10-07,93.000000,94.750000,88.800003,89.800003,89.800003,166796
2019-10-09,90.250000,91.400002,88.050003,90.699997,90.699997,127666
2019-10-10,90.000000,91.150002,87.449997,89.250000,89.250000,175124
2019-10-11,91.500000,91.800003,89.650002,90.400002,90.400002,126150
2019-10-14,91.599998,92.199997,90.099998,91.449997,91.449997,90630
2019-10-15,93.099998,96.099998,93.099998,94.300003,94.300003,201546
2019-10-16,97.199997,97.199997,95.099998,95.949997,95.949997,156699
2019-10-17,96.000000,96.250000,93.300003,95.050003,95.050003,136773
2019-10-18,95.349998,99.349998,94.349998,98.349998,98.349998,114644
2019-10-22,100.000000,100.000000,95.849998,98.150002,98.150002,125132
2019-10-23,96.750000,98.800003,96.300003,98.150002,98.150002,109270
2019-10-24,98.000000,99.349998,96.400002,97.099998,97.099998,82557
2019-10-25,97.400002,99.300003,96.050003,96.800003,96.800003,88604
2019-10-27,98.500000,98.900002,96.050003,98.099998,98.099998,32665
2019-10-29,98.000000,104.400002,96.750000,100.949997,100.949997,216791
2019-10-30,101.500000,103.699997,100.050003,100.800003,100.800003,181636
2019-10-31,101.500000,101.500000,98.500000,99.900002,99.900002,224170
2019-11-01,100.099998,100.650002,97.650002,98.300003,98.300003,131081
2019-11-04,99.599998,102.449997,98.699997,100.050003,100.050003,345244
2019-11-05,103.500000,104.000000,100.099998,100.550003,100.550003,453576
2019-11-06,101.750000,102.250000,98.150002,98.949997,98.949997,506367
2019-11-07,98.949997,100.750000,98.050003,98.800003,98.800003,195056
2019-11-08,98.500000,100.349998,97.500000,98.199997,98.199997,266788
2019-11-11,97.550003,98.750000,96.300003,97.550003,97.550003,129732
2019-11-13,97.699997,97.699997,93.400002,93.949997,93.949997,155890
2019-11-14,93.750000,95.750000,90.199997,93.949997,93.949997,395885
2019-11-15,93.500000,95.550003,92.750000,93.800003,93.800003,143948
2019-11-18,94.000000,94.699997,93.500000,93.849998,93.849998,111355
2019-11-19,93.699997,94.949997,93.050003,93.900002,93.900002,110815
2019-11-20,94.150002,95.050003,92.250000,92.449997,92.449997,89499
2019-11-21,92.750000,93.400002,92.099998,92.750000,92.750000,107962
2019-11-22,93.449997,94.400002,92.400002,93.550003,93.550003,104656
2019-11-25,94.849998,95.000000,93.400002,94.099998,94.099998,106770
2019-11-26,94.000000,95.250000,93.099998,93.650002,93.650002,81703
2019-11-27,93.699997,94.349998,92.349998,93.000000,93.000000,142154
2019-11-28,93.550003,93.550003,92.349998,92.750000,92.750000,111413
2019-11-29,93.300003,93.449997,91.250000,91.900002,91.900002,81000
2019-12-02,92.050003,92.449997,91.000000,91.300003,91.300003,70982
2019-12-03,91.699997,91.699997,88.800003,90.050003,90.050003,121383
2019-12-04,89.449997,90.750000,89.449997,90.300003,90.300003,112032
2019-12-05,90.800003,93.800003,90.150002,92.849998,92.849998,242752
2019-12-06,93.449997,93.449997,90.000000,90.650002,90.650002,91075
2019-12-09,90.849998,91.550003,87.599998,88.099998,88.099998,168892
2019-12-10,89.000000,89.000000,84.199997,84.750000,84.750000,117220
2019-12-11,85.500000,87.449997,84.000000,86.550003,86.550003,151216
2019-12-12,87.500000,88.000000,83.900002,86.449997,86.449997,137179
2019-12-13,86.500000,87.500000,84.000000,85.900002,85.900002,136239
2019-12-16,86.099998,86.750000,84.550003,84.849998,84.849998,102628
2019-12-17,85.449997,85.599998,84.699997,85.099998,85.099998,87932
2019-12-18,85.000000,85.550003,83.099998,83.650002,83.650002,100572
2019-12-19,83.300003,83.900002,82.150002,82.699997,82.699997,104078
2019-12-20,82.699997,85.400002,82.699997,84.250000,84.250000,127889
2019-12-23,84.000000,85.000000,83.400002,83.599998,83.599998,66876
2019-12-24,84.199997,84.199997,82.699997,83.150002,83.150002,123054
2019-12-26,84.000000,84.550003,82.599998,83.000000,83.000000,167187
2019-12-27,84.949997,89.699997,83.750000,87.900002,87.900002,1018796
2019-12-30,88.349998,91.550003,87.099998,90.199997,90.199997,476274
2019-12-31,90.000000,92.400002,89.400002,90.699997,90.699997,230101
2020-01-01,91.000000,94.000000,90.500000,93.250000,93.250000,250142
2020-01-02,93.849998,97.400002,92.599998,96.550003,96.550003,332088
2020-01-03,98.099998,102.000000,97.750000,98.800003,98.800003,646576
2020-01-06,101.199997,102.500000,97.650002,99.000000,99.000000,533396
2020-01-07,99.650002,100.900002,98.099998,100.250000,100.250000,251972
2020-01-08,101.949997,102.150002,99.000000,99.300003,99.300003,457364
2020-01-09,98.000000,99.900002,97.050003,99.250000,99.250000,232118
2020-01-10,98.550003,103.000000,98.500000,100.900002,100.900002,452424
2020-01-13,101.000000,102.650002,99.699997,100.300003,100.300003,187267
2020-01-14,100.900002,101.900002,99.699997,100.400002,100.400002,138857
2020-01-15,100.900002,100.900002,99.000000,100.000000,100.000000,127534
2020-01-16,100.800003,101.500000,99.699997,99.900002,99.900002,161942
2020-01-17,99.900002,109.500000,99.800003,104.250000,104.250000,1116356
2020-01-20,105.000000,107.349998,102.300003,103.199997,103.199997,278930
2020-01-21,101.699997,103.500000,100.800003,101.550003,101.550003,98524
2020-01-22,101.900002,102.500000,100.099998,100.300003,100.300003,112435
2020-01-23,100.150002,105.000000,99.949997,103.849998,103.849998,284686
2020-01-24,103.000000,105.500000,101.849998,102.150002,102.150002,171911
2020-01-27,102.150002,106.199997,100.000000,104.599998,104.599998,491734
2020-01-28,104.349998,107.500000,103.949997,104.800003,104.800003,315027
2020-01-29,105.949997,106.349998,104.650002,105.250000,105.250000,162352
2020-01-30,104.300003,105.699997,102.650002,104.500000,104.500000,178236
2020-01-31,104.500000,105.000000,102.500000,103.150002,103.150002,99921
2020-02-03,95.000000,99.150002,90.949997,96.449997,96.449997,190826
2020-02-04,96.099998,101.250000,96.099998,99.750000,99.750000,143572
2020-02-05,98.550003,100.500000,96.900002,97.449997,97.449997,143334
2020-02-06,98.150002,98.500000,96.699997,97.699997,97.699997,124179
2020-02-07,97.250000,97.449997,95.750000,96.400002,96.400002,110699
2020-02-10,96.449997,98.099998,95.400002,96.599998,96.599998,92743
2020-02-11,97.099998,97.449997,96.000000,96.750000,96.750000,64854
2020-02-12,96.250000,98.599998,95.000000,95.300003,95.300003,131431
2020-02-13,95.000000,98.199997,92.599998,96.949997,96.949997,562823
2020-02-14,97.000000,97.000000,92.199997,93.000000,93.000000,273592
2020-02-17,93.050003,96.199997,92.050003,92.500000,92.500000,229161
2020-02-18,92.500000,92.500000,89.750000,90.400002,90.400002,111335
2020-02-19,90.050003,93.000000,90.050003,90.800003,90.800003,152023
2020-02-20,90.900002,92.750000,90.500000,90.900002,90.900002,117087
2020-02-24,90.000000,91.699997,89.900002,90.750000,90.750000,765360
2020-02-25,90.150002,91.000000,88.250000,88.699997,88.699997,170055
2020-02-26,88.000000,88.650002,83.000000,83.800003,83.800003,140540
2020-02-27,83.500000,83.500000,78.400002,79.750000,79.750000,344101
2020-02-28,77.000000,77.849998,74.300003,74.750000,74.750000,467300
2020-03-02,74.750000,77.050003,74.750000,75.650002,75.650002,255384
2020-03-03,75.949997,77.250000,74.000000,74.699997,74.699997,306859
2020-03-04,74.699997,75.250000,70.699997,72.550003,72.550003,298547
2020-03-05,74.000000,74.050003,72.050003,72.800003,72.800003,117586
2020-03-06,70.000000,70.199997,67.000000,68.199997,68.199997,355481
2020-03-09,64.800003,64.800003,54.599998,56.799999,56.799999,948382
2020-03-11,59.849998,59.849998,50.849998,51.599998,51.599998,425722
2020-03-12,49.000000,49.000000,46.450001,46.450001,46.450001,79571
2020-03-13,41.849998,44.000000,41.849998,41.849998,41.849998,1150037
2020-03-16,37.700001,42.349998,37.700001,40.500000,40.500000,1528131
2020-03-17,42.000000,42.000000,39.099998,40.349998,40.349998,465903
2020-03-18,41.750000,41.750000,38.000000,38.950001,38.950001,279621
2020-03-19,37.700001,40.799999,35.750000,37.000000,37.000000,231827
2020-03-20,37.500000,40.549999,36.200001,39.549999,39.549999,354396
2020-03-23,38.000000,38.000000,35.599998,35.650002,35.650002,195666
2020-03-24,36.000000,37.099998,32.099998,32.150002,32.150002,187330
2020-03-25,32.700001,35.099998,31.000000,33.700001,33.700001,169416
2020-03-26,34.000000,35.950001,33.000000,35.099998,35.099998,153706
2020-03-27,36.000000,36.599998,34.099998,35.349998,35.349998,141169
2020-03-30,35.000000,35.000000,33.099998,34.200001,34.200001,106657
2020-03-31,34.200001,35.900002,33.799999,34.750000,34.750000,228564
2020-04-01,37.700001,37.700001,35.000000,35.400002,35.400002,238715
2020-04-03,38.000000,38.400002,35.549999,36.450001,36.450001,542425
2020-04-07,39.400002,39.599998,36.549999,37.549999,37.549999,394928
2020-04-08,37.900002,39.200001,37.000000,37.349998,37.349998,471357
2020-04-09,38.000000,39.200001,37.500000,38.500000,38.500000,296532
2020-04-13,40.000000,42.049999,38.000000,38.400002,38.400002,409280
2020-04-15,39.500000,39.500000,37.599998,38.250000,38.250000,304188
2020-04-16,38.450001,42.049999,36.700001,41.099998,41.099998,320970
2020-04-17,42.750000,43.650002,41.650002,42.799999,42.799999,382927
2020-04-20,43.299999,44.950001,42.500000,43.250000,43.250000,271402
2020-04-21,39.299999,40.799999,38.950001,38.950001,38.950001,315721
2020-04-22,38.799999,38.950001,35.400002,38.150002,38.150002,180265
2020-04-23,38.849998,39.849998,38.250000,38.750000,38.750000,180674
2020-04-24,38.900002,39.049999,37.599998,37.900002,37.900002,186062
2020-04-27,38.099998,39.000000,36.799999,37.650002,37.650002,160037
2020-04-28,38.250000,38.250000,37.099998,37.599998,37.599998,130806
2020-04-29,38.799999,39.849998,37.099998,38.400002,38.400002,319765
2020-04-30,40.000000,40.849998,39.450001,40.000000,40.000000,819822
2020-05-04,39.650002,39.650002,38.250000,39.000000,39.000000,307912
2020-05-05,39.849998,39.900002,38.750000,39.099998,39.099998,280571
2020-05-06,39.950001,40.000000,38.849998,39.549999,39.549999,753025
2020-05-07,39.900002,40.200001,39.000000,40.049999,40.049999,178307
2020-05-08,40.250000,41.299999,39.750000,40.549999,40.549999,224237
2020-05-11,41.799999,42.500000,40.299999,40.450001,40.450001,205709
2020-05-12,40.400002,40.500000,38.450001,39.599998,39.599998,108760
2020-05-13,39.950001,41.349998,39.950001,40.900002,40.900002,231001
2020-05-14,40.500000,40.900002,39.400002,40.049999,40.049999,122350
2020-05-15,40.799999,40.799999,39.700001,39.900002,39.900002,156526
2020-05-18,40.500000,40.500000,39.049999,39.250000,39.250000,144601
2020-05-19,40.049999,40.599998,39.500000,39.700001,39.700001,238246
2020-05-20,40.000000,40.200001,38.000000,39.750000,39.750000,109654
2020-05-21,39.799999,41.349998,39.500000,40.700001,40.700001,281674
2020-05-22,41.200001,42.299999,40.700001,41.849998,41.849998,471730
2020-05-26,42.000000,43.250000,41.750000,43.000000,43.000000,308149
2020-05-27,43.599998,47.299999,43.150002,46.299999,46.299999,774802
2020-05-28,47.299999,50.900002,46.099998,50.900002,50.900002,926082
2020-05-29,53.150002,53.150002,48.650002,50.799999,50.799999,458554
2020-06-01,51.000000,52.500000,49.650002,51.299999,51.299999,554298
2020-06-02,51.700001,53.849998,51.299999,53.849998,53.849998,1077750
2020-06-03,56.500000,56.500000,56.049999,56.500000,56.500000,391706
2020-06-04,59.299999,59.299999,59.299999,59.299999,59.299999,225308
2020-06-05,62.250000,62.250000,62.250000,62.250000,62.250000,264077
2020-06-08,65.349998,65.349998,62.500000,65.349998,65.349998,1046024
2020-06-09,67.449997,67.949997,62.099998,65.949997,65.949997,720528
2020-06-10,64.900002,69.199997,63.549999,69.150002,69.150002,726823
2020-06-11,71.000000,72.500000,65.699997,65.699997,65.699997,1280287
2020-06-12,62.450001,65.250000,62.450001,63.049999,63.049999,503010
2020-06-15,64.949997,65.250000,62.500000,63.950001,63.950001,279357
2020-06-16,65.349998,67.099998,63.299999,67.099998,67.099998,2916143
2020-06-17,70.449997,70.449997,69.000000,70.449997,70.449997,207759
2020-06-18,73.949997,73.949997,70.750000,73.949997,73.949997,1501929
2020-06-19,76.000000,77.599998,71.400002,72.650002,72.650002,936273
2020-06-22,73.000000,74.199997,71.400002,72.150002,72.150002,351167
2020-06-23,72.849998,75.750000,71.699997,73.400002,73.400002,647219
2020-06-24,73.500000,74.449997,70.099998,70.500000,70.500000,282539
2020-06-25,68.900002,68.900002,67.000000,67.099998,67.099998,360194
2020-06-26,68.000000,70.000000,67.000000,67.449997,67.449997,284530
2020-06-29,67.400002,69.650002,64.300003,67.250000,67.250000,287055
2020-06-30,70.599998,70.599998,65.150002,65.650002,65.650002,614679
2020-07-01,66.099998,67.599998,65.500000,66.050003,66.050003,136137
2020-07-02,67.949997,67.949997,65.800003,66.250000,66.250000,240314
2020-07-03,66.599998,67.250000,64.750000,65.300003,65.300003,128492
2020-07-06,64.000000,64.449997,62.400002,63.750000,63.750000,363652
2020-07-07,64.000000,65.500000,63.099998,64.099998,64.099998,220766
2020-07-08,63.700001,67.300003,63.700001,67.000000,67.000000,500361
2020-07-09,67.000000,68.400002,65.500000,66.349998,66.349998,402772
2020-07-10,65.550003,67.650002,65.050003,66.300003,66.300003,151511
2020-07-13,66.800003,67.500000,66.349998,66.550003,66.550003,147466
2020-07-14,66.550003,66.550003,64.000000,64.150002,64.150002,97014
2020-07-15,64.800003,66.000000,63.200001,63.549999,63.549999,102613
2020-07-16,63.849998,64.449997,60.400002,60.750000,60.750000,194336
2020-07-17,60.950001,63.750000,60.950001,63.750000,63.750000,101360
2020-07-20,66.000000,66.000000,63.099998,64.449997,64.449997,117192
2020-07-21,64.900002,65.900002,64.300003,65.099998,65.099998,93395
2020-07-22,65.550003,65.550003,64.099998,64.599998,64.599998,86401
2020-07-23,64.000000,67.800003,63.750000,67.800003,67.800003,220622
2020-07-24,69.750000,70.599998,66.900002,68.650002,68.650002,550603
2020-07-27,69.500000,70.000000,65.250000,65.599998,65.599998,191525
2020-07-28,66.449997,66.449997,64.400002,64.750000,64.750000,82072
2020-07-29,64.650002,66.800003,64.650002,65.650002,65.650002,159378
2020-07-30,66.500000,67.500000,63.650002,64.099998,64.099998,108442
2020-07-31,64.099998,67.300003,63.750000,64.650002,64.650002,293296
2020-08-03,64.650002,67.849998,64.650002,67.849998,67.849998,280317
2020-08-04,67.849998,71.199997,67.849998,71.199997,71.199997,420574
2020-08-05,73.800003,74.750000,69.250000,74.750000,74.750000,656407
2020-08-06,75.000000,78.449997,74.400002,78.449997,78.449997,395980
2020-08-07,79.000000,86.900002,78.599998,81.349998,81.349998,1269960
2020-08-10,83.000000,85.300003,77.699997,79.500000,79.500000,546263
2020-08-11,79.400002,82.300003,79.199997,81.750000,81.750000,248493
2020-08-12,81.800003,85.000000,81.099998,82.199997,82.199997,259431
2020-08-13,82.199997,84.800003,82.199997,82.849998,82.849998,215842
2020-08-14,83.300003,84.449997,76.000000,77.949997,77.949997,402119
2020-08-17,79.699997,79.699997,77.000000,77.949997,77.949997,128736
2020-08-18,78.150002,79.300003,75.099998,77.250000,77.250000,229005
2020-08-19,76.500000,83.900002,75.900002,82.349998,82.349998,1019968
2020-08-20,80.500000,82.599998,80.000000,80.750000,80.750000,235704
2020-08-21,81.500000,93.000000,81.500000,91.400002,91.400002,2138328
2020-08-24,94.000000,95.349998,89.300003,90.250000,90.250000,1327415
2020-08-25,90.000000,90.699997,85.599998,87.199997,87.199997,1049611
2020-08-26,88.199997,88.349998,85.150002,85.500000,85.500000,530146
2020-08-27,85.800003,88.800003,84.150002,84.849998,84.849998,1956241
2020-08-28,85.000000,85.949997,80.150002,81.500000,81.500000,743908
2020-08-31,81.400002,81.400002,73.250000,75.349998,75.349998,873377
2020-09-01,75.500000,80.300003,75.500000,77.900002,77.900002,384806
2020-09-02,78.550003,78.699997,74.099998,75.849998,75.849998,490150
2020-09-03,71.500000,78.250000,71.000000,73.150002,73.150002,1260795
2020-09-04,71.500000,74.000000,70.500000,72.650002,72.650002,635677
2020-09-07,72.650002,76.800003,71.050003,73.849998,73.849998,500300
2020-09-08,73.849998,76.449997,70.000000,71.250000,71.250000,395725
2020-09-09,71.000000,71.000000,67.699997,69.150002,69.150002,279518
2020-09-10,71.000000,75.800003,70.599998,73.849998,73.849998,553452
2020-09-11,73.849998,76.800003,72.650002,73.699997,73.699997,188120
2020-09-14,75.900002,78.500000,74.099998,76.500000,76.500000,1194073
2020-09-15,76.000000,77.500000,73.599998,75.150002,75.150002,555300
2020-09-16,76.000000,83.199997,75.550003,79.500000,79.500000,1088435
2020-09-17,77.599998,80.000000,75.550003,75.949997,75.949997,470608
2020-09-18,76.900002,77.949997,73.650002,74.550003,74.550003,597458
2020-09-21,74.400002,75.000000,69.050003,69.650002,69.650002,369758
2020-09-22,69.500000,70.699997,65.000000,69.349998,69.349998,324820
2020-09-23,70.000000,71.400002,67.500000,69.300003,69.300003,213605
2020-09-24,68.099998,69.500000,66.699997,68.900002,68.900002,184480
2020-09-25,69.500000,72.500000,68.099998,71.699997,71.699997,284304
2020-09-28,72.900002,76.199997,72.750000,74.000000,74.000000,450714
2020-09-29,74.599998,74.599998,72.300003,72.750000,72.750000,116989
2020-09-30,72.900002,73.900002,71.699997,72.650002,72.650002,199432
2020-10-01,70.000000,71.099998,69.000000,70.050003,70.050003,229249
2020-10-05,70.150002,71.449997,68.000000,68.750000,68.750000,137320
2020-10-06,69.349998,78.849998,69.050003,76.900002,76.900002,1962795
2020-10-07,75.000000,78.900002,73.300003,75.699997,75.699997,1427685
2020-10-08,74.500000,76.449997,71.150002,71.500000,71.500000,275492
2020-10-09,72.099998,73.099998,70.599998,71.599998,71.599998,195407
2020-10-12,72.949997,72.949997,70.000000,70.449997,70.449997,168576
2020-10-13,70.599998,72.000000,67.699997,69.550003,69.550003,286781
2020-10-14,69.599998,70.750000,68.400002,68.900002,68.900002,142784
2020-10-15,69.099998,70.199997,67.349998,67.599998,67.599998,142080
2020-10-16,68.400002,69.000000,67.150002,67.900002,67.900002,94395
2020-10-19,69.000000,69.250000,67.199997,67.900002,67.900002,133072
2020-10-20,67.500000,68.650002,66.900002,67.150002,67.150002,159464
2020-10-21,68.000000,69.900002,67.449997,68.800003,68.800003,263892
2020-10-22,68.750000,68.750000,67.099998,67.349998,67.349998,202041
2020-10-23,68.150002,68.150002,67.000000,67.550003,67.550003,145666
2020-10-26,67.650002,67.650002,65.449997,66.099998,66.099998,208096
2020-10-27,67.300003,67.300003,65.000000,65.699997,65.699997,142646
2020-10-28,65.000000,65.199997,62.000000,62.250000,62.250000,420946
2020-10-29,62.150002,64.900002,61.500000,64.449997,64.449997,372060
2020-10-30,65.000000,66.250000,62.750000,63.650002,63.650002,255003
2020-11-02,64.000000,64.400002,60.349998,63.549999,63.549999,130157
2020-11-03,64.750000,64.750000,62.500000,62.950001,62.950001,81963
2020-11-04,63.500000,65.599998,62.400002,63.049999,63.049999,126276
2020-11-05,64.300003,64.500000,63.150002,63.700001,63.700001,144963
2020-11-06,64.000000,64.949997,63.549999,64.099998,64.099998,98058
2020-11-09,64.300003,65.449997,64.000000,64.400002,64.400002,192015
2020-11-10,65.300003,67.849998,65.000000,65.500000,65.500000,319891
2020-11-11,66.000000,66.699997,64.199997,65.500000,65.500000,225998
2020-11-12,65.599998,68.000000,65.199997,67.199997,67.199997,847822
2020-11-13,67.000000,70.900002,64.650002,69.750000,69.750000,622442
2020-11-14,69.699997,72.000000,69.699997,71.500000,71.500000,178513
2020-11-17,72.300003,73.449997,70.650002,71.150002,71.150002,336593
2020-11-18,71.150002,75.750000,70.599998,72.900002,72.900002,711378
2020-11-19,72.650002,73.300003,69.599998,70.000000,70.000000,397578
2020-11-20,70.500000,72.550003,69.449997,72.050003,72.050003,418794
2020-11-23,72.300003,75.599998,71.550003,72.949997,72.949997,1311233
2020-11-24,73.500000,73.699997,72.099998,72.800003,72.800003,254043
2020-11-25,76.000000,77.400002,73.400002,74.099998,74.099998,1271930
2020-11-26,74.599998,75.699997,73.699997,75.050003,75.050003,338500
2020-11-27,75.449997,77.900002,75.150002,76.650002,76.650002,481356
2020-12-01,78.000000,78.400002,76.650002,77.750000,77.750000,366293
2020-12-02,77.750000,77.750000,75.500000,76.250000,76.250000,305452
2020-12-03,76.349998,86.949997,76.349998,84.849998,84.849998,1690383
2020-12-04,85.800003,89.000000,84.150002,86.650002,86.650002,1106475
2020-12-07,87.250000,88.800003,86.300003,86.849998,86.849998,396619
2020-12-08,88.500000,89.449997,81.099998,83.150002,83.150002,575089
2020-12-09,84.150002,85.250000,82.150002,82.699997,82.699997,416028
2020-12-10,82.500000,82.800003,78.300003,81.750000,81.750000,388136
2020-12-11,87.000000,96.500000,84.050003,90.849998,90.849998,3873100
2020-12-14,92.000000,103.750000,91.400002,100.000000,100.000000,3032666
2020-12-15,101.199997,101.800003,95.949997,97.199997,97.199997,1217716
2020-12-16,98.150002,99.300003,95.150002,95.750000,95.750000,575388
2020-12-17,97.099998,101.599998,95.650002,96.199997,96.199997,709191
2020-12-18,96.550003,96.550003,91.500000,93.500000,93.500000,373268
2020-12-21,93.000000,93.750000,82.500000,85.650002,85.650002,620265
2020-12-22,82.750000,88.699997,79.199997,83.949997,83.949997,477864
2020-12-23,84.199997,95.000000,83.000000,90.099998,90.099998,1979433
2020-12-24,91.400002,92.900002,88.500000,89.849998,89.849998,662365
2020-12-28,90.699997,91.650002,90.050003,90.500000,90.500000,256731
2020-12-29,91.400002,93.900002,89.599998,90.050003,90.050003,352051
2020-12-30,90.949997,90.949997,86.000000,87.349998,87.349998,384828
2020-12-31,87.650002,88.000000,85.900002,86.250000,86.250000,260025
2021-01-01,86.949997,90.300003,86.449997,87.400002,87.400002,561879
2021-01-04,88.300003,89.699997,82.949997,84.150002,84.150002,1349067
2021-01-05,84.150002,86.250000,83.500000,85.550003,85.550003,478216
2021-01-06,88.250000,89.400002,85.949997,86.750000,86.750000,1051848
2021-01-07,87.050003,88.900002,85.849998,86.800003,86.800003,552345
2021-01-08,87.599998,88.000000,86.300003,86.550003,86.550003,252496
2021-01-11,87.400002,92.000000,86.800003,90.449997,90.449997,1447342
2021-01-12,90.500000,98.400002,88.400002,92.900002,92.900002,4248430
2021-01-13,92.849998,94.449997,89.500000,90.849998,90.849998,962252
2021-01-14,91.050003,91.599998,88.099998,88.349998,88.349998,523737
2021-01-15,88.750000,92.699997,86.949997,88.349998,88.349998,929210
2021-01-18,88.000000,88.199997,84.199997,85.949997,85.949997,417909
2021-01-19,86.250000,88.400002,86.199997,87.000000,87.000000,305270
2021-01-20,87.599998,89.199997,86.750000,87.300003,87.300003,362643
2021-01-21,87.949997,88.349998,83.300003,84.000000,84.000000,512314
2021-01-22,84.000000,85.349998,81.199997,82.449997,82.449997,338541
2021-01-25,83.199997,83.949997,79.800003,80.250000,80.250000,269055
2021-01-27,80.250000,81.849998,79.250000,80.849998,80.849998,255969
2021-01-28,80.000000,80.550003,79.000000,79.849998,79.849998,245841
2021-01-29,80.199997,81.500000,78.250000,78.599998,78.599998,312593
2021-02-01,78.699997,81.300003,78.400002,80.099998,80.099998,218778
2021-02-02,81.000000,84.150002,80.250000,81.050003,81.050003,358116
2021-02-03,82.800003,83.800003,82.099998,82.400002,82.400002,426653
2021-02-04,82.800003,86.400002,82.650002,85.550003,85.550003,621481
2021-02-05,86.800003,87.800003,85.050003,86.050003,86.050003,418262
2021-02-08,86.699997,89.949997,85.500000,87.750000,87.750000,1073770
2021-02-09,88.250000,88.599998,86.449997,87.050003,87.050003,575063
2021-02-10,87.449997,87.800003,84.250000,84.650002,84.650002,342938
2021-02-11,84.449997,85.449997,84.050003,84.400002,84.400002,189844
2021-02-12,84.800003,85.199997,82.800003,83.099998,83.099998,482424
2021-02-15,84.400002,86.900002,84.400002,85.349998,85.349998,441343
2021-02-16,86.400002,86.699997,84.699997,86.050003,86.050003,235972
2021-02-17,86.900002,86.900002,84.449997,84.750000,84.750000,236077
2021-02-18,87.500000,91.900002,87.000000,88.500000,88.500000,1886812
2021-02-19,88.699997,92.800003,87.199997,89.500000,89.500000,982861
2021-02-22,89.000000,91.849998,88.550003,89.300003,89.300003,718153
2021-02-23,90.400002,100.150002,90.400002,95.050003,95.050003,5557597
2021-02-24,96.099998,98.400002,93.500000,95.599998,95.599998,896350
2021-02-25,97.250000,103.199997,96.650002,101.099998,101.099998,3455689
2021-02-26,98.699997,99.900002,96.150002,97.400002,97.400002,1090929
2021-03-01,99.099998,102.000000,96.750000,99.099998,99.099998,981137
2021-03-02,99.099998,104.500000,98.000000,99.300003,99.300003,1494569
2021-03-03,100.000000,101.800003,97.199997,97.750000,97.750000,553371
2021-03-04,97.000000,101.500000,96.099998,98.750000,98.750000,1109059
2021-03-05,104.000000,104.000000,97.599998,101.550003,101.550003,2138156
2021-03-08,105.000000,116.250000,103.300003,109.400002,109.400002,6705058
2021-03-09,110.449997,113.300003,102.599998,105.500000,105.500000,1871187
2021-03-10,106.349998,109.849998,103.699997,107.949997,107.949997,1091828
2021-03-12,109.500000,112.599998,105.599998,107.300003,107.300003,1298028
2021-03-15,108.000000,108.000000,103.699997,106.400002,106.400002,574698
2021-03-16,106.900002,114.300003,104.400002,110.250000,110.250000,914470
2021-03-17,110.250000,114.300003,104.000000,104.550003,104.550003,1149583
2021-03-18,106.000000,107.250000,94.699997,99.650002,99.650002,1386619
2021-03-19,96.650002,101.400002,94.300003,98.650002,98.650002,765647
2021-03-22,99.449997,99.449997,96.300003,97.050003,97.050003,598707
2021-03-23,97.150002,100.300003,96.599998,97.550003,97.550003,670068
2021-03-24,96.750000,97.000000,91.650002,93.900002,93.900002,753141
2021-03-25,96.000000,97.250000,91.199997,92.349998,92.349998,556563
2021-03-26,93.000000,99.400002,90.199997,97.849998,97.849998,733754
2021-03-30,97.949997,101.400002,96.300003,99.150002,99.150002,578632
2021-03-31,99.150002,101.800003,96.550003,97.150002,97.150002,418915
2021-04-01,97.000000,99.099998,96.800003,98.000000,98.000000,412540
2021-04-05,97.250000,100.000000,94.000000,99.550003,99.550003,549692
2021-04-06,100.000000,100.000000,97.000000,97.400002,97.400002,325108
2021-04-07,97.500000,102.300003,97.300003,100.800003,100.800003,578867
2021-04-08,101.000000,104.500000,97.900002,98.199997,98.199997,819814
2021-04-09,98.050003,100.250000,97.500000,99.550003,99.550003,461884
2021-04-12,97.050003,98.000000,90.849998,91.650002,91.650002,450749
2021-04-13,92.400002,95.699997,92.400002,94.699997,94.699997,268962
2021-04-15,99.000000,99.000000,95.000000,97.250000,97.250000,512979
2021-04-16,98.000000,98.449997,95.849998,97.199997,97.199997,304361
2021-04-19,95.449997,95.449997,86.400002,94.550003,94.550003,348738
2021-04-20,95.300003,96.699997,94.400002,95.050003,95.050003,320815
2021-04-22,94.199997,95.800003,94.099998,94.750000,94.750000,231646
2021-04-23,94.500000,101.800003,94.500000,99.000000,99.000000,847783
2021-04-26,100.400002,101.000000,98.099998,99.050003,99.050003,265386
2021-04-27,99.800003,100.199997,98.050003,98.500000,98.500000,174315
2021-04-28,98.000000,100.300003,98.000000,98.750000,98.750000,168849
2021-04-29,99.599998,100.500000,97.800003,98.699997,98.699997,211737
2021-04-30,98.250000,107.199997,98.000000,101.949997,101.949997,2938383
2021-05-03,102.000000,104.400002,100.000000,101.849998,101.849998,611636
2021-05-04,102.099998,108.000000,101.300003,103.650002,103.650002,1195917
2021-05-05,106.500000,108.050003,103.449997,104.000000,104.000000,783989
2021-05-06,105.849998,109.400002,104.099998,104.599998,104.599998,893564
2021-05-07,105.800003,106.900002,101.699997,103.000000,103.000000,462044
2021-05-10,105.400002,119.099998,105.300003,115.599998,115.599998,3598119
2021-05-11,113.050003,124.800003,112.099998,121.250000,121.250000,2326251
2021-05-12,122.000000,123.500000,117.199997,118.349998,118.349998,1118902
2021-05-14,119.400002,119.750000,111.150002,113.900002,113.900002,805491
2021-05-17,114.900002,116.400002,110.599998,112.050003,112.050003,471559
2021-05-18,114.900002,119.849998,111.300003,116.250000,116.250000,1500538
2021-05-19,115.449997,115.449997,112.099998,112.449997,112.449997,543913
2021-05-20,111.000000,112.500000,109.199997,109.650002,109.650002,345351
2021-05-21,110.099998,115.449997,109.800003,112.949997,112.949997,525399
2021-05-24,112.949997,113.750000,104.000000,104.550003,104.550003,1415243
2021-05-25,97.900002,102.900002,93.650002,98.550003,98.550003,3352876
2021-05-26,99.900002,103.199997,98.599998,99.349998,99.349998,2073096
2021-05-27,100.400002,100.400002,96.599998,97.199997,97.199997,783688
2021-05-28,98.000000,102.400002,96.199997,101.250000,101.250000,1813137
2021-05-31,101.199997,103.699997,99.400002,102.550003,102.550003,1169169
2021-06-01,103.849998,104.500000,99.500000,100.500000,100.500000,1538934
2021-06-02,104.800003,109.199997,102.199997,106.199997,106.199997,4798789
2021-06-03,110.000000,110.599998,104.750000,105.199997,105.199997,1943349
2021-06-04,105.900002,106.699997,104.250000,104.699997,104.699997,801801
2021-06-07,106.000000,110.199997,105.500000,107.199997,107.199997,1621065
2021-06-08,107.250000,108.400002,104.400002,106.400002,106.400002,956158
2021-06-09,110.900002,110.900002,103.750000,105.650002,105.650002,1340284
2021-06-10,105.949997,108.400002,105.000000,106.599998,106.599998,549374
2021-06-11,107.750000,111.349998,107.050003,107.449997,107.449997,1052517
2021-06-14,108.699997,114.400002,105.500000,113.300003,113.300003,1785545
2021-06-15,115.449997,117.000000,111.699997,112.400002,112.400002,2385027
2021-06-16,114.349998,121.500000,113.349998,117.949997,117.949997,4290289
2021-06-17,115.199997,119.000000,113.000000,114.750000,114.750000,1252685
2021-06-18,114.699997,115.599998,108.199997,111.000000,111.000000,1408291
2021-06-21,109.199997,114.750000,109.199997,112.949997,112.949997,524831
2021-06-22,115.000000,117.699997,115.000000,116.449997,116.449997,895654
2021-06-23,117.000000,119.400002,114.900002,118.150002,118.150002,1332960
2021-06-24,120.099998,123.699997,116.199997,117.250000,117.250000,1551123
2021-06-25,118.400002,123.500000,117.300003,122.699997,122.699997,1440195
2021-06-28,125.400002,125.599998,119.400002,120.050003,120.050003,2481167
2021-06-29,119.500000,122.500000,118.000000,118.199997,118.199997,678608
2021-06-30,118.349998,125.900002,101.500000,119.300003,119.300003,2696452
2021-07-01,120.199997,124.000000,119.000000,119.599998,119.599998,1129310
2021-07-02,121.400002,122.449997,118.250000,118.599998,118.599998,875435
2021-07-05,119.800003,119.900002,117.199997,117.750000,117.750000,907774
2021-07-06,120.250000,127.449997,118.599998,121.400002,121.400002,5602761
2021-07-07,120.900002,123.400002,118.199997,119.050003,119.050003,1213546
2021-07-08,118.000000,119.900002,114.300003,116.250000,116.250000,1126827
2021-07-09,115.550003,117.400002,114.199997,114.849998,114.849998,710697
2021-07-12,116.199997,120.400002,115.500000,118.699997,118.699997,868454
2021-07-13,118.699997,121.900002,116.699997,117.099998,117.099998,888293
2021-07-14,118.000000,119.849998,116.250000,116.849998,116.849998,593434
2021-07-15,116.400002,117.449997,114.400002,114.699997,114.699997,433692
2021-07-16,114.250000,120.000000,113.500000,119.199997,119.199997,1247459
2021-07-19,117.250000,123.150002,117.050003,121.949997,121.949997,2236438
2021-07-20,121.500000,121.500000,116.000000,118.050003,118.050003,809389
2021-07-22,118.550003,120.949997,117.550003,118.949997,118.949997,1308874
2021-07-23,119.900002,122.900002,117.550003,120.900002,120.900002,1174425
2021-07-26,121.000000,122.800003,119.050003,119.599998,119.599998,637765
2021-07-27,120.400002,121.349998,116.599998,117.800003,117.800003,340689
2021-07-28,117.849998,118.699997,115.599998,117.250000,117.250000,296705
2021-07-29,118.099998,121.550003,118.099998,119.699997,119.699997,654393
2021-07-30,119.599998,129.399994,119.599998,125.750000,125.750000,3844974
2021-08-02,127.400002,150.899994,127.000000,150.899994,150.899994,7229682
2021-08-03,153.500000,174.800003,148.050003,169.050003,169.050003,18690813
2021-08-04,170.399994,171.350006,155.350006,159.050003,159.050003,3043221
2021-08-05,159.000000,174.500000,153.250000,171.699997,171.699997,5871808
2021-08-06,172.500000,175.750000,164.000000,166.800003,166.800003,1696100
2021-08-09,168.449997,173.949997,165.050003,167.750000,167.750000,1416996
2021-08-10,164.000000,166.449997,151.000000,151.000000,151.000000,911180
2021-08-11,148.500000,157.800003,138.100006,151.000000,151.000000,2224595
2021-08-12,152.500000,158.500000,151.449997,154.050003,154.050003,656778
2021-08-13,155.899994,169.449997,151.600006,169.449997,169.449997,1552367
2021-08-16,173.550003,186.000000,163.600006,180.399994,180.399994,3455481
2021-08-17,179.750000,185.000000,167.399994,174.050003,174.050003,1406225
2021-08-18,172.000000,179.699997,167.399994,168.449997,168.449997,781335
2021-08-20,165.100006,173.600006,161.500000,162.699997,162.699997,818031
2021-08-23,166.000000,166.399994,146.449997,152.449997,152.449997,1523700
2021-08-24,155.899994,164.899994,154.100006,161.199997,161.199997,1048752
2021-08-25,162.500000,169.850006,161.250000,165.750000,165.750000,984052
2021-08-26,166.449997,169.699997,161.550003,164.100006,164.100006,666217
2021-08-27,163.500000,172.399994,163.500000,167.600006,167.600006,1015636
2021-08-30,169.399994,171.100006,165.050003,167.600006,167.600006,473171
2021-08-31,167.899994,172.000000,163.500000,166.100006,166.100006,509747
2021-09-01,166.899994,168.500000,159.500000,162.149994,162.149994,550213
2021-09-02,163.000000,168.949997,162.050003,164.449997,164.449997,405885
2021-09-03,165.949997,180.850006,164.850006,180.850006,180.850006,3151234
2021-09-06,183.899994,184.800003,175.550003,177.800003,177.800003,1954669
2021-09-07,178.250000,179.300003,171.250000,172.699997,172.699997,766076
2021-09-08,172.850006,189.949997,171.449997,188.500000,188.500000,4172613
2021-09-09,188.800003,204.399994,185.100006,193.949997,193.949997,3729575
2021-09-13,195.000000,201.899994,188.699997,193.149994,193.149994,1366012
2021-09-14,195.000000,204.500000,192.300003,196.649994,196.649994,1890473
2021-09-15,198.000000,206.899994,197.350006,203.750000,203.750000,1712607
2021-09-16,206.000000,209.699997,202.100006,206.500000,206.500000,1159931
2021-09-17,207.000000,210.750000,191.000000,201.699997,201.699997,1600005
2021-09-20,195.000000,205.800003,190.000000,193.750000,193.750000,863498
2021-09-21,194.000000,209.500000,186.199997,206.800003,206.800003,1858427
2021-09-22,207.899994,211.399994,200.699997,202.500000,202.500000,1024112
2021-09-23,204.000000,207.649994,198.449997,201.399994,201.399994,587896
2021-09-24,203.750000,206.699997,196.250000,198.699997,198.699997,706111
2021-09-27,201.500000,205.000000,198.550003,202.100006,202.100006,956589
2021-09-28,205.500000,222.000000,205.050003,219.500000,219.500000,4181182
2021-09-29,216.000000,218.600006,210.750000,212.350006,212.350006,1718565
2021-09-30,212.399994,218.000000,210.550003,211.399994,211.399994,727284
2021-10-01,214.100006,217.699997,211.000000,211.750000,211.750000,750610
2021-10-04,212.949997,213.800003,201.699997,203.300003,203.300003,771192
2021-10-05,207.000000,213.500000,207.000000,210.800003,210.800003,987401
2021-10-06,213.449997,214.899994,203.600006,205.750000,205.750000,664666
2021-10-07,207.350006,209.000000,200.600006,204.699997,204.699997,622867
2021-10-08,207.100006,209.000000,201.199997,202.199997,202.199997,453846
2021-10-11,204.000000,208.699997,200.899994,207.550003,207.550003,581293
2021-10-12,207.100006,208.699997,202.500000,206.199997,206.199997,564997
2021-10-13,207.449997,208.000000,202.000000,203.000000,203.000000,311575
2021-10-14,204.100006,205.500000,194.699997,196.550003,196.550003,578957
2021-10-18,198.899994,202.699997,188.550003,190.600006,190.600006,807602
2021-10-19,191.500000,194.949997,176.550003,179.350006,179.350006,982821
2021-10-20,182.199997,184.949997,167.500000,169.600006,169.600006,1048407
2021-10-21,175.000000,183.500000,170.350006,178.449997,178.449997,1039836
2021-10-22,178.000000,182.699997,175.000000,177.699997,177.699997,326180
2021-10-25,179.500000,181.600006,170.000000,171.000000,171.000000,559221
2021-10-26,171.800003,185.000000,171.250000,181.250000,181.250000,458907
2021-10-27,182.199997,182.600006,176.399994,177.000000,177.000000,209604
2021-10-28,175.050003,177.550003,170.000000,171.750000,171.750000,318653
2021-10-29,172.699997,172.750000,166.500000,168.600006,168.600006,374365
2021-11-01,168.000000,180.000000,164.600006,178.350006,178.350006,366204
2021-11-02,179.699997,194.800003,177.100006,192.050003,192.050003,1382840
2021-11-03,192.050003,198.000000,187.300003,194.100006,194.100006,778539
2021-11-04,195.100006,200.000000,194.199997,198.850006,198.850006,500627
2021-11-08,199.399994,206.949997,195.350006,202.449997,202.449997,834394
2021-11-09,202.399994,204.949997,200.000000,202.399994,202.399994,406372
2021-11-10,202.199997,207.850006,197.050003,198.800003,198.800003,383431
2021-11-11,197.800003,198.949997,191.600006,192.899994,192.899994,375303
2021-11-12,193.000000,196.250000,184.699997,187.050003,187.050003,408576
2021-11-15,185.500000,191.699997,180.000000,182.250000,182.250000,239760
2021-11-16,182.149994,190.750000,181.500000,184.750000,184.750000,420298
2021-11-17,184.750000,189.500000,181.649994,183.850006,183.850006,224040
2021-11-18,183.300003,184.199997,171.600006,174.100006,174.100006,432387
2021-11-22,174.000000,174.000000,159.300003,165.199997,165.199997,604719
2021-11-23,165.800003,172.399994,162.600006,170.399994,170.399994,359353
2021-11-24,173.000000,177.350006,169.000000,170.100006,170.100006,571612
2021-11-25,172.000000,172.500000,166.050003,167.100006,167.100006,285678
2021-11-26,166.850006,167.800003,157.550003,158.699997,158.699997,561123
2021-11-29,159.000000,163.899994,150.149994,158.899994,158.899994,515589
2021-11-30,159.899994,166.000000,155.000000,156.550003,156.550003,403300
2021-12-01,157.899994,161.899994,155.500000,160.050003,160.050003,237501
2021-12-02,159.050003,163.050003,154.399994,160.800003,160.800003,680594
2021-12-03,161.899994,166.000000,161.000000,164.750000,164.750000,291105
2021-12-06,165.850006,166.050003,154.600006,156.850006,156.850006,241598
2021-12-07,158.699997,165.399994,157.800003,164.000000,164.000000,278408
2021-12-08,167.100006,172.850006,167.000000,169.899994,169.899994,405632
2021-12-09,174.000000,175.949997,168.600006,174.199997,174.199997,311374
2021-12-10,173.399994,181.600006,172.199997,180.600006,180.600006,410404
2021-12-13,181.149994,187.649994,181.149994,183.649994,183.649994,399724
2021-12-14,182.000000,186.649994,178.350006,184.149994,184.149994,201947
2021-12-15,183.500000,186.500000,179.149994,179.699997,179.699997,202166
2021-12-16,180.949997,183.350006,177.000000,178.199997,178.199997,190390
2021-12-17,178.250000,179.449997,170.550003,171.649994,171.649994,186716
2021-12-20,168.500000,170.250000,165.449997,166.800003,166.800003,208189
2021-12-21,167.000000,174.699997,167.000000,169.500000,169.500000,223238
2021-12-22,171.199997,180.050003,171.100006,178.800003,178.800003,199643
2021-12-23,180.750000,184.449997,176.449997,180.300003,180.300003,255165
2021-12-24,181.750000,183.800003,178.000000,179.000000,179.000000,167930
2021-12-27,177.500000,182.000000,177.250000,181.050003,181.050003,110555
2021-12-28,183.000000,189.199997,182.949997,184.449997,184.449997,342841
2021-12-29,185.399994,187.350006,180.000000,181.350006,181.350006,189982
2021-12-30,181.949997,186.699997,181.500000,183.750000,183.750000,253482
2021-12-31,183.750000,185.000000,181.000000,182.449997,182.449997,115490
2022-01-03,185.399994,191.399994,183.550003,187.850006,187.850006,357543
2022-01-04,189.699997,191.000000,186.000000,188.699997,188.699997,199770
2022-01-05,188.500000,194.699997,186.600006,187.350006,187.350006,338153
2022-01-06,185.949997,197.600006,184.050003,193.600006,193.600006,565936
2022-01-07,195.300003,212.949997,195.100006,210.949997,210.949997,2435361
2022-01-10,213.199997,232.000000,207.050003,232.000000,232.000000,3235815
2022-01-11,235.800003,236.000000,218.699997,220.250000,220.250000,998894
2022-01-12,224.000000,229.800003,218.550003,220.399994,220.399994,799772
2022-01-13,223.850006,234.000000,221.649994,226.850006,226.850006,1307156
2022-01-14,224.050003,232.000000,224.050003,226.600006,226.600006,490458
2022-01-17,230.000000,232.000000,224.000000,225.800003,225.800003,733909
2022-01-18,228.500000,245.699997,222.050003,233.500000,233.500000,3284883
2022-01-19,237.000000,241.399994,227.699997,229.800003,229.800003,1163580
2022-01-20,230.000000,231.149994,224.199997,227.000000,227.000000,399357
2022-01-21,223.899994,224.350006,206.199997,208.949997,208.949997,836638
2022-01-24,207.800003,207.800003,188.500000,193.199997,193.199997,1013405
2022-01-25,188.600006,198.149994,188.600006,193.899994,193.899994,1093338
2022-01-27,193.000000,212.399994,191.300003,210.000000,210.000000,1100523
2022-01-28,211.800003,216.600006,205.000000,206.000000,206.000000,859793
2022-01-31,211.000000,222.850006,211.000000,218.550003,218.550003,1688434
2022-02-01,220.250000,221.949997,215.050003,219.500000,219.500000,461854
2022-02-02,220.000000,225.050003,216.699997,218.649994,218.649994,544773
2022-02-03,218.649994,224.800003,216.199997,222.300003,222.300003,538783
2022-02-04,226.300003,232.199997,220.000000,220.699997,220.699997,753650
2022-02-07,222.899994,227.500000,219.050003,221.550003,221.550003,509834
2022-02-08,222.000000,222.350006,207.899994,214.949997,214.949997,490550
2022-02-09,215.899994,215.899994,209.250000,210.850006,210.850006,315328
2022-02-10,211.399994,213.149994,207.000000,211.699997,211.699997,273929
2022-02-11,210.949997,210.949997,206.199997,207.250000,207.250000,243646
2022-02-14,211.000000,212.000000,195.300003,197.750000,197.750000,940873
2022-02-15,199.399994,204.600006,193.050003,195.399994,195.399994,979515
2022-02-16,195.399994,197.850006,187.000000,189.399994,189.399994,644789
2022-02-17,190.000000,200.000000,187.550003,196.199997,196.199997,800950
2022-02-18,195.699997,196.699997,190.000000,190.600006,190.600006,315962
2022-02-21,190.600006,195.100006,181.250000,190.850006,190.850006,689576
2022-02-22,192.000000,193.600006,182.199997,187.300003,187.300003,752114
2022-02-23,191.250000,193.600006,185.399994,186.750000,186.750000,338799
2022-02-24,180.000000,183.600006,175.500000,177.850006,177.850006,856329
2022-02-25,188.899994,192.399994,182.250000,188.699997,188.699997,381141
2022-02-28,191.949997,195.350006,188.100006,193.449997,193.449997,464018
2022-03-02,197.500000,208.000000,197.500000,201.949997,201.949997,1487204
2022-03-03,210.500000,212.000000,200.000000,202.449997,202.449997,1189013
2022-03-04,201.000000,203.199997,195.800003,197.300003,197.300003,455190
2022-03-07,204.500000,204.500000,194.600006,198.500000,198.500000,1942577
2022-03-08,200.000000,226.399994,200.000000,206.600006,206.600006,3857508
2022-03-09,212.399994,214.399994,203.649994,205.449997,205.449997,1059007
2022-03-10,211.000000,232.899994,210.300003,222.149994,222.149994,6266264
2022-03-11,228.250000,231.899994,218.000000,224.100006,224.100006,1929021
2022-03-14,224.100006,233.199997,221.100006,224.350006,224.350006,1522850
2022-03-15,223.399994,225.000000,213.300003,216.699997,216.699997,907418
2022-03-16,217.000000,219.800003,212.800003,215.350006,215.350006,332776
2022-03-17,216.949997,219.350006,212.000000,213.850006,213.850006,570084
2022-03-21,216.149994,223.600006,215.000000,216.100006,216.100006,875471
2022-03-22,223.000000,228.800003,218.899994,223.100006,223.100006,1741238
2022-03-23,224.800003,227.000000,220.300003,223.750000,223.750000,941310
2022-03-24,226.000000,236.800003,217.100006,220.100006,220.100006,2862163
2022-03-25,221.899994,222.850006,215.800003,218.800003,218.800003,621798
2022-03-28,218.800003,219.000000,211.699997,214.899994,214.899994,788478
2022-03-29,214.100006,215.449997,205.050003,206.649994,206.649994,724591
2022-03-30,206.949997,227.800003,205.100006,225.350006,225.350006,1741742
2022-03-31,224.399994,225.000000,217.949997,219.899994,219.899994,894557
2022-04-01,190.000000,202.000000,183.350006,196.750000,196.750000,6468442
2022-04-04,195.000000,204.000000,195.000000,196.250000,196.250000,1185415
2022-04-05,198.000000,204.000000,197.399994,201.149994,201.149994,1061707
2022-04-06,201.850006,204.500000,198.100006,199.149994,199.149994,806165
2022-04-07,199.000000,201.750000,195.199997,196.149994,196.149994,516005
2022-04-08,197.000000,198.899994,195.600006,196.000000,196.000000,311818
2022-04-11,196.449997,201.699997,194.850006,196.699997,196.699997,492882
2022-04-12,197.000000,199.300003,194.449997,196.899994,196.899994,451622
2022-04-13,198.449997,200.000000,197.250000,197.949997,197.949997,342782
2022-04-18,199.750000,201.699997,195.399994,196.100006,196.100006,561889
2022-04-19,197.449997,204.750000,196.250000,197.449997,197.449997,738156
2022-04-20,197.449997,200.699997,186.550003,188.899994,188.899994,606952
2022-04-21,190.449997,194.949997,186.850006,188.300003,188.300003,1010959
2022-04-22,186.850006,189.949997,180.899994,183.350006,183.350006,566570
2022-04-25,180.300003,181.949997,170.500000,172.600006,172.600006,844673
2022-04-26,174.750000,184.800003,174.750000,182.250000,182.250000,826908
2022-04-27,181.800003,196.000000,181.500000,194.000000,194.000000,1706323
2022-04-28,195.000000,208.000000,192.250000,202.250000,202.250000,2435879
2022-04-29,207.600006,209.899994,200.649994,202.649994,202.649994,1017687
2022-05-02,201.000000,202.149994,193.449997,197.750000,197.750000,353966
2022-05-04,198.649994,199.800003,182.250000,186.399994,186.399994,615978
2022-05-05,194.000000,194.000000,181.250000,185.100006,185.100006,629701
2022-05-06,177.000000,184.800003,176.550003,183.800003,183.800003,504389
2022-05-09,181.649994,182.149994,177.100006,180.300003,180.300003,383758
2022-05-10,179.750000,183.600006,172.000000,172.949997,172.949997,456140
2022-05-11,174.250000,175.449997,155.449997,161.949997,161.949997,983132
2022-05-12,161.949997,165.250000,158.399994,159.699997,159.699997,529476
2022-05-13,163.500000,174.000000,161.500000,171.500000,171.500000,1173559
2022-05-16,171.500000,174.250000,164.350006,166.050003,166.050003,479365
2022-05-17,169.699997,174.000000,169.699997,173.250000,173.250000,510834
2022-05-18,174.500000,181.250000,172.600006,174.949997,174.949997,454936
2022-05-19,171.000000,174.500000,167.600006,170.199997,170.199997,308060
2022-05-20,172.000000,178.000000,172.000000,174.600006,174.600006,319802
2022-05-23,175.000000,176.250000,167.250000,169.350006,169.350006,306179
2022-05-24,169.350006,171.550003,157.750000,160.449997,160.449997,261672
2022-05-25,161.449997,163.050003,156.000000,157.800003,157.800003,325462
2022-05-26,159.300003,161.949997,147.899994,152.850006,152.850006,591747
2022-05-27,155.199997,157.750000,146.250000,148.000000,148.000000,526692
2022-05-30,151.000000,156.000000,149.350006,153.100006,153.100006,608414
2022-05-31,150.000000,182.000000,148.100006,177.850006,177.850006,3440839
2022-06-01,178.000000,181.000000,172.250000,176.100006,176.100006,1115830
2022-06-02,186.300003,196.000000,168.000000,174.100006,174.100006,4557086
2022-06-03,178.399994,190.399994,175.399994,187.100006,187.100006,2577852
2022-06-06,186.600006,197.699997,186.600006,194.600006,194.600006,2407467
2022-06-07,194.000000,204.449997,193.149994,195.399994,195.399994,3005478
2022-06-08,217.000000,226.600006,207.250000,209.899994,209.899994,13125034
2022-06-09,212.050003,217.500000,210.050003,213.600006,213.600006,2987466
2022-06-10,211.600006,213.699997,207.100006,209.600006,209.600006,1489301
2022-06-13,203.449997,205.000000,192.199997,194.199997,194.199997,1624604
2022-06-14,191.899994,200.899994,191.899994,193.000000,193.000000,1263389
2022-06-15,194.850006,195.600006,185.149994,188.250000,188.250000,887319
2022-06-16,190.000000,192.350006,175.000000,178.199997,178.199997,1113532
2022-06-17,175.000000,185.000000,175.000000,182.600006,182.600006,920736
2022-06-20,179.550003,180.449997,166.250000,170.250000,170.250000,1157591
2022-06-21,176.000000,184.750000,175.449997,183.449997,183.449997,1126004
2022-06-22,180.000000,183.300003,175.800003,176.850006,176.850006,877161
2022-06-23,177.000000,178.350006,174.000000,177.800003,177.800003,1154680
2022-06-24,177.050003,182.000000,177.050003,179.600006,179.600006,520766
2022-06-27,181.750000,183.899994,177.050003,178.199997,178.199997,384828
2022-06-28,181.199997,196.899994,180.550003,194.149994,194.149994,3123878
2022-06-29,193.199997,199.850006,191.050003,193.449997,193.449997,2443183
2022-06-30,193.100006,195.399994,185.250000,186.899994,186.899994,695789
2022-07-01,185.300003,185.350006,173.000000,181.000000,181.000000,1624158
2022-07-04,182.000000,183.949997,174.149994,174.750000,174.750000,795001
2022-07-05,176.449997,179.899994,174.050003,178.199997,178.199997,602719
2022-07-06,170.100006,173.000000,167.399994,168.550003,168.550003,880596
2022-07-07,169.800003,171.899994,167.199997,170.300003,170.300003,494045
2022-07-08,175.000000,175.100006,171.750000,172.750000,172.750000,461684
2022-07-11,171.399994,173.750000,168.550003,169.649994,169.649994,337253
2022-07-12,169.500000,171.449997,167.500000,168.699997,168.699997,249261
2022-07-13,166.000000,166.699997,162.699997,163.149994,163.149994,601970
2022-07-14,165.699997,167.300003,161.899994,163.199997,163.199997,504364
2022-07-15,164.800003,167.399994,164.300003,165.899994,165.899994,412688
2022-07-18,166.000000,168.800003,166.000000,167.850006,167.850006,222827
2022-07-19,171.000000,173.699997,168.949997,170.500000,170.500000,646133
2022-07-20,176.000000,178.699997,172.500000,173.899994,173.899994,788238
2022-07-21,173.800003,173.899994,170.000000,170.800003,170.800003,221718
2022-07-22,170.500000,172.250000,165.850006,166.850006,166.850006,304469
2022-07-25,165.550003,166.949997,163.050003,165.399994,165.399994,201030
2022-07-26,168.500000,169.949997,167.300003,168.149994,168.149994,372963
2022-07-27,167.500000,167.949997,162.550003,164.449997,164.449997,217836
2022-07-28,166.050003,169.149994,165.100006,167.350006,167.350006,252700
2022-07-29,168.000000,175.600006,167.550003,174.500000,174.500000,784879
2022-08-01,173.800003,175.000000,171.199997,173.750000,173.750000,225248
2022-08-02,170.699997,172.550003,169.050003,170.399994,170.399994,256552
2022-08-03,170.399994,171.649994,164.750000,165.399994,165.399994,345142
2022-08-04,166.000000,168.199997,162.750000,164.899994,164.899994,270644
2022-08-05,164.000000,165.899994,162.800003,164.600006,164.600006,201280
2022-08-08,165.699997,166.850006,164.500000,164.949997,164.949997,98324
2022-08-10,165.000000,172.350006,165.000000,169.000000,169.000000,638957
2022-08-11,169.000000,170.899994,167.550003,169.149994,169.149994,191331
2022-08-12,170.500000,175.050003,167.649994,170.399994,170.399994,693912
2022-08-16,167.949997,168.500000,160.649994,163.000000,163.000000,1052072
2022-08-17,161.000000,164.899994,161.000000,161.649994,161.649994,505142
2022-08-18,162.149994,163.250000,160.000000,161.699997,161.699997,451315
2022-08-19,164.000000,164.800003,161.500000,162.399994,162.399994,422064
2022-08-22,161.800003,162.250000,159.800003,160.300003,160.300003,274125
2022-08-23,160.850006,166.550003,160.399994,164.000000,164.000000,930935
2022-08-24,166.000000,168.850006,164.199997,165.000000,165.000000,717399
2022-08-25,167.250000,169.449997,164.500000,165.199997,165.199997,476874
2022-08-26,166.949997,167.699997,161.000000,161.649994,161.649994,671901
2022-08-29,155.100006,162.649994,155.100006,161.399994,161.399994,376607
2022-08-30,164.199997,165.500000,162.899994,163.600006,163.600006,446326
2022-09-01,162.000000,165.500000,162.000000,163.050003,163.050003,463674
2022-09-02,163.500000,164.800003,160.949997,161.800003,161.800003,336551
2022-09-05,162.800003,168.000000,161.750000,165.550003,165.550003,727918
2022-09-06,166.300003,166.399994,162.250000,162.949997,162.949997,338747
2022-09-07,161.699997,164.000000,161.600006,163.000000,163.000000,353381
2022-09-08,163.000000,164.399994,157.750000,159.000000,159.000000,1257289
2022-09-09,160.000000,160.300003,158.000000,158.600006,158.600006,296545
2022-09-12,159.350006,162.750000,158.300003,160.600006,160.600006,720371
2022-09-13,161.500000,162.899994,158.199997,160.649994,160.649994,644868
2022-09-14,158.600006,161.850006,158.300003,159.250000,159.250000,339565
2022-09-15,160.250000,161.500000,156.000000,156.899994,156.899994,404216
2022-09-16,155.100006,156.600006,152.000000,153.000000,153.000000,466382
2022-09-19,154.949997,155.199997,149.399994,149.649994,149.649994,497779
2022-09-20,151.000000,151.750000,148.149994,149.250000,149.250000,414506
2022-09-21,149.449997,159.000000,146.800003,147.600006,147.600006,361039
2022-09-22,148.199997,148.899994,137.800003,139.250000,139.250000,1152389
2022-09-23,139.449997,141.300003,137.000000,139.149994,139.149994,602690
2022-09-26,138.050003,138.149994,128.500000,129.800003,129.800003,626578
2022-09-27,130.949997,135.000000,130.399994,131.600006,131.600006,514000
2022-09-28,131.500000,132.000000,126.050003,127.150002,127.150002,360756
2022-09-29,128.649994,134.699997,128.550003,132.750000,132.750000,632433
2022-09-30,131.649994,134.000000,130.050003,133.050003,133.050003,317266
2022-10-03,136.000000,139.750000,135.050003,137.250000,137.250000,609937
2022-10-04,140.000000,140.350006,135.500000,136.149994,136.149994,249877
2022-10-06,138.100006,142.100006,138.000000,141.399994,141.399994,451941
2022-10-07,141.000000,143.300003,140.750000,141.550003,141.550003,211783
2022-10-10,141.000000,145.149994,140.100006,142.250000,142.250000,348367
2022-10-11,141.899994,143.649994,138.750000,139.399994,139.399994,265893
2022-10-12,139.149994,140.050003,136.000000,137.600006,137.600006,154005
2022-10-13,137.300003,137.500000,133.600006,134.399994,134.399994,146076
2022-10-14,136.100006,155.000000,135.399994,152.550003,152.550003,5241378
2022-10-17,147.899994,148.800003,144.000000,145.000000,145.000000,859260
2022-10-18,146.500000,146.800003,141.600006,143.199997,143.199997,366196
2022-10-19,143.050003,147.350006,136.500000,137.300003,137.300003,713765
2022-10-20,136.850006,138.600006,135.000000,135.899994,135.899994,420711
2022-10-21,136.600006,138.500000,135.550003,136.399994,136.399994,247063
2022-10-24,137.500000,140.000000,137.000000,139.300003,139.300003,96751
2022-10-25,139.199997,139.949997,137.600006,139.100006,139.100006,194818
2022-10-27,140.000000,140.750000,136.500000,137.550003,137.550003,208755
2022-10-28,138.699997,139.600006,136.350006,138.699997,138.699997,174690
2022-10-31,139.250000,139.550003,136.800003,138.350006,138.350006,195504
2022-11-01,138.250000,139.350006,137.300003,138.050003,138.050003,102283
2022-11-02,138.850006,153.899994,138.500000,151.000000,151.000000,4067059
2022-11-03,149.500000,153.300003,149.000000,152.100006,152.100006,839817
2022-11-04,158.000000,162.500000,150.550003,152.449997,152.449997,1485732
2022-11-07,153.399994,154.399994,149.050003,150.199997,150.199997,360122
2022-11-09,151.000000,153.000000,144.000000,146.100006,146.100006,784525
2022-11-10,145.000000,147.199997,143.500000,144.800003,144.800003,262730
2022-11-11,149.000000,149.000000,142.100006,142.800003,142.800003,207321
2022-11-14,145.000000,145.449997,139.600006,141.800003,141.800003,336588
2022-11-15,139.649994,146.100006,139.649994,144.000000,144.000000,340067
2022-11-16,143.000000,147.699997,143.000000,144.550003,144.550003,302327
2022-11-17,144.000000,146.100006,142.199997,144.699997,144.699997,199751
2022-11-18,143.550003,145.300003,141.000000,141.649994,141.649994,169658
2022-11-21,141.000000,141.649994,137.500000,138.399994,138.399994,198356
2022-11-22,138.050003,139.399994,136.750000,137.949997,137.949997,187790
2022-11-23,138.149994,141.449997,138.149994,139.300003,139.300003,201289
2022-11-24,138.500000,142.350006,138.500000,140.100006,140.100006,262029
2022-11-25,140.500000,141.550003,139.600006,140.100006,140.100006,142180
2022-11-28,140.800003,142.300003,139.100006,139.949997,139.949997,230346
2022-11-29,140.800003,146.699997,140.500000,143.149994,143.149994,634650
2022-11-30,143.000000,145.500000,142.550003,143.500000,143.500000,180149
2022-12-01,144.500000,145.149994,140.800003,142.050003,142.050003,297401
2022-12-02,144.850006,146.699997,143.000000,143.699997,143.699997,391106
2022-12-05,144.649994,145.699997,142.899994,143.649994,143.649994,202217
2022-12-06,142.899994,144.250000,142.500000,142.949997,142.949997,94884
2022-12-07,143.199997,143.649994,139.699997,140.500000,140.500000,230203
2022-12-08,140.750000,142.649994,140.000000,140.800003,140.800003,307402
2022-12-09,141.850006,142.300003,137.199997,139.250000,139.250000,284332
2022-12-12,143.500000,146.000000,143.000000,143.750000,143.750000,909055
2022-12-13,144.500000,145.000000,141.899994,142.550003,142.550003,352414
2022-12-14,143.550003,143.600006,139.050003,139.350006,139.350006,567220
2022-12-15,141.000000,143.500000,140.000000,140.899994,140.899994,303279
2022-12-16,141.949997,142.449997,140.000000,140.949997,140.949997,192040
2022-12-19,140.100006,140.949997,139.199997,140.750000,140.750000,148697
2022-12-20,140.750000,141.750000,139.850006,140.949997,140.949997,196868
2022-12-21,141.100006,141.649994,138.000000,138.600006,138.600006,252505
2022-12-22,139.850006,139.850006,132.550003,134.300003,134.300003,255025
2022-12-23,134.300003,134.550003,127.000000,127.699997,127.699997,325953
2022-12-26,130.199997,132.050003,127.650002,130.899994,130.899994,227041
2022-12-27,133.000000,139.399994,132.050003,137.850006,137.850006,467330
2022-12-28,138.949997,138.949997,135.750000,136.850006,136.850006,118383
2022-12-29,136.899994,137.500000,134.600006,135.699997,135.699997,244584
2022-12-30,136.899994,139.550003,136.500000,137.350006,137.350006,165502
2023-01-02,138.899994,143.300003,137.649994,141.050003,141.050003,314725
2023-01-03,141.949997,142.300003,139.050003,139.649994,139.649994,168158
2023-01-04,139.949997,142.500000,137.750000,140.050003,140.050003,223049
2023-01-05,140.100006,140.300003,136.550003,137.800003,137.800003,191601
2023-01-06,138.949997,139.050003,135.800003,136.350006,136.350006,126452
2023-01-09,136.949997,138.250000,135.550003,136.000000,136.000000,114038
2023-01-10,136.100006,136.899994,134.250000,135.649994,135.649994,184294
2023-01-11,136.100006,138.500000,135.000000,136.850006,136.850006,159846
2023-01-12,137.949997,142.100006,136.550003,137.149994,137.149994,513343
2023-01-13,137.949997,138.500000,135.050003,135.949997,135.949997,156399
2023-01-16,136.000000,136.750000,133.199997,133.699997,133.699997,172925
2023-01-17,134.699997,135.949997,133.000000,133.750000,133.750000,184251
2023-01-18,134.399994,135.600006,133.949997,135.250000,135.250000,84290
2023-01-19,134.000000,136.050003,134.000000,134.850006,134.850006,127584
2023-01-20,135.000000,136.000000,134.050003,134.649994,134.649994,150437
2023-01-23,134.500000,135.449997,133.000000,133.199997,133.199997,113954
2023-01-24,133.949997,140.800003,133.550003,139.000000,139.000000,864165
2023-01-25,137.850006,139.399994,135.300003,136.399994,136.399994,217515
2023-01-27,136.800003,136.800003,131.100006,132.100006,132.100006,188835
2023-01-30,131.050003,133.250000,129.000000,130.899994,130.899994,188224
2023-01-31,131.399994,132.149994,129.300003,130.100006,130.100006,140431
2023-02-01,130.449997,134.399994,127.849998,129.199997,129.199997,198480
2023-02-02,129.850006,130.649994,128.000000,129.449997,129.449997,130696
2023-02-03,129.949997,130.000000,128.000000,128.800003,128.800003,139852
2023-02-06,129.449997,130.350006,128.000000,128.550003,128.550003,142257
2023-02-07,129.350006,129.899994,128.199997,129.000000,129.000000,124014
2023-02-08,129.449997,135.500000,129.100006,130.949997,130.949997,425090
2023-02-09,131.500000,131.500000,129.000000,129.600006,129.600006,196778
2023-02-10,129.550003,132.250000,129.500000,131.399994,131.399994,252405
2023-02-13,131.949997,141.250000,131.500000,136.649994,136.649994,705290
2023-02-14,138.350006,140.699997,136.300003,139.350006,139.350006,828115
2023-02-15,141.000000,144.399994,136.699997,137.399994,137.399994,809704
2023-02-16,139.000000,140.300003,138.199997,138.949997,138.949997,300629
2023-02-17,138.300003,149.899994,138.050003,148.149994,148.149994,2054455
2023-02-20,148.199997,158.350006,143.350006,144.050003,144.050003,3471370
2023-02-21,144.500000,144.850006,140.250000,141.250000,141.250000,447123
2023-02-22,140.399994,140.699997,137.000000,137.550003,137.550003,333399
2023-02-23,138.350006,138.600006,136.100006,137.300003,137.300003,264536
2023-02-24,137.500000,142.949997,137.500000,141.250000,141.250000,431622
2023-02-27,141.250000,146.899994,138.149994,140.199997,140.199997,751878
2023-02-28,140.199997,140.550003,138.000000,138.300003,138.300003,166730
2023-03-01,139.500000,140.899994,137.350006,137.850006,137.850006,309635
2023-03-02,138.449997,139.250000,134.899994,136.300003,136.300003,214250
2023-03-03,136.949997,139.149994,133.949997,136.100006,136.100006,454739
2023-03-06,136.949997,139.399994,136.699997,137.100006,137.100006,353141
2023-03-08,137.199997,138.000000,134.550003,136.300003,136.300003,432066
2023-03-09,136.949997,138.600006,136.300003,136.699997,136.699997,262531
2023-03-10,136.000000,141.300003,136.000000,137.899994,137.899994,514937
2023-03-13,138.850006,138.850006,131.000000,131.800003,131.800003,331584
2023-03-14,133.100006,133.100006,129.100006,130.800003,130.800003,234969
2023-03-15,131.500000,132.750000,128.399994,128.850006,128.850006,240267
2023-03-16,128.399994,128.800003,125.599998,126.199997,126.199997,303801
2023-03-17,127.400002,131.899994,127.400002,129.649994,129.649994,336427
2023-03-20,126.900002,129.149994,124.550003,125.250000,125.250000,884968
2023-03-21,127.000000,129.449997,124.449997,125.650002,125.650002,349753
2023-03-22,127.550003,127.849998,125.400002,127.150002,127.150002,237051
2023-03-23,127.000000,127.550003,125.500000,125.750000,125.750000,136885
2023-03-24,127.000000,127.550003,120.250000,121.699997,121.699997,255846
2023-03-27,122.400002,122.949997,117.400002,118.650002,118.650002,413571
2023-03-28,118.949997,121.349998,115.750000,119.750000,119.750000,587857
2023-03-29,119.500000,122.500000,118.599998,120.150002,120.150002,405910
2023-03-31,121.050003,124.500000,119.650002,120.199997,120.199997,395461
2023-04-03,124.900002,132.550003,124.150002,128.550003,128.550003,1680671
2023-04-05,131.750000,136.500000,130.250000,134.250000,134.250000,1305187
2023-04-06,133.050003,136.399994,131.199997,134.649994,134.649994,364383
2023-04-10,133.899994,133.899994,131.500000,133.000000,133.000000,246652
2023-04-11,132.850006,134.899994,132.850006,134.050003,134.050003,173866
2023-04-12,134.100006,134.100006,131.600006,132.399994,132.399994,163524
2023-04-13,132.600006,138.000000,132.600006,136.300003,136.300003,517781
2023-04-17,135.600006,137.800003,134.050003,134.949997,134.949997,285659
2023-04-18,134.750000,136.199997,134.250000,135.750000,135.750000,199085
2023-04-19,134.399994,135.949997,131.600006,134.300003,134.300003,394544
2023-04-20,135.000000,144.300003,134.850006,137.000000,137.000000,1626096
2023-04-21,134.500000,136.850006,134.050003,134.949997,134.949997,191694
2023-04-24,135.000000,142.500000,133.000000,140.699997,140.699997,936309
2023-04-25,141.750000,148.800003,141.100006,147.750000,147.750000,1447074
2023-04-26,148.899994,154.199997,148.899994,149.750000,149.750000,1084038
2023-04-27,150.899994,152.899994,147.050003,151.250000,151.250000,567911
2023-04-28,153.500000,167.500000,152.550003,164.500000,164.500000,4718965
2023-05-02,164.500000,168.250000,159.649994,161.899994,161.899994,1068769
2023-05-03,163.000000,166.899994,160.500000,165.600006,165.600006,843878
2023-05-04,165.000000,171.350006,163.350006,167.949997,167.949997,1009491
2023-05-05,168.899994,168.899994,162.100006,163.399994,163.399994,424501
2023-05-08,166.949997,167.899994,163.300003,164.649994,164.649994,484639
2023-05-09,166.000000,167.000000,162.699997,163.449997,163.449997,457368
2023-05-10,164.000000,165.649994,160.350006,164.250000,164.250000,448653
2023-05-11,164.250000,170.699997,164.250000,167.250000,167.250000,944972
2023-05-12,167.000000,175.800003,167.000000,172.350006,172.350006,1265541
2023-05-15,173.050003,173.500000,167.600006,168.699997,168.699997,514111
2023-05-16,171.000000,172.949997,165.350006,165.949997,165.949997,475392
2023-05-17,166.949997,169.300003,163.500000,163.949997,163.949997,467281
2023-05-18,165.250000,169.949997,165.000000,168.000000,168.000000,563214
2023-05-19,170.899994,178.199997,164.500000,177.199997,177.199997,1573948
2023-05-22,177.000000,177.899994,172.399994,173.699997,173.699997,540228
2023-05-23,174.949997,174.949997,168.649994,171.449997,171.449997,580922
2023-05-24,172.850006,179.899994,170.699997,176.149994,176.149994,1186825
2023-05-25,176.899994,181.000000,173.000000,177.649994,177.649994,848701
2023-05-26,192.000000,195.000000,180.550003,183.949997,183.949997,4437062
2023-05-29,186.000000,187.899994,181.750000,183.800003,183.800003,944194
2023-05-30,182.949997,183.399994,177.649994,178.750000,178.750000,564103
2023-05-31,179.000000,183.899994,176.750000,181.550003,181.550003,769075
2023-06-01,182.050003,187.000000,181.550003,183.500000,183.500000,755185
2023-06-02,184.500000,187.699997,183.449997,186.300003,186.300003,637252
2023-06-05,187.399994,197.850006,186.000000,196.199997,196.199997,2333758
2023-06-06,196.750000,199.199997,192.550003,197.800003,197.800003,1569353
2023-06-07,198.000000,200.949997,194.300003,196.300003,196.300003,1089893
2023-06-08,196.899994,197.350006,187.100006,189.000000,189.000000,903124
2023-06-09,188.100006,196.699997,188.000000,193.199997,193.199997,1147785
2023-06-12,194.449997,207.399994,190.699997,204.850006,204.850006,2435163
2023-06-13,207.600006,207.649994,202.350006,203.800003,203.800003,1388635
2023-06-14,203.000000,211.399994,200.100006,206.500000,206.500000,1930713
2023-06-15,206.300003,209.149994,204.000000,204.399994,204.399994,852763
2023-06-16,205.000000,209.199997,203.449997,205.600006,205.600006,951530
2023-06-19,205.699997,212.399994,205.699997,208.050003,208.050003,1493297
2023-06-20,211.000000,218.750000,208.550003,215.449997,215.449997,2241184
2023-06-21,217.000000,218.100006,211.699997,215.350006,215.350006,1097381
2023-06-22,216.399994,219.399994,211.550003,213.399994,213.399994,788790
2023-06-23,214.550003,214.550003,205.000000,205.649994,205.649994,759976
2023-06-26,207.000000,208.250000,203.350006,206.699997,206.699997,298162
2023-06-27,207.399994,208.649994,202.699997,204.000000,204.000000,288707
2023-06-28,204.000000,204.000000,204.000000,204.000000,204.000000,0
2023-06-30,206.000000,209.800003,205.050003,206.100006,206.100006,387755
2023-07-03,206.100006,213.949997,206.100006,207.750000,207.750000,690079
2023-07-04,209.350006,210.300003,205.000000,205.800003,205.800003,366759
2023-07-05,206.949997,218.000000,206.100006,215.100006,215.100006,2000353
2023-07-06,215.000000,223.000000,215.000000,218.149994,218.149994,1188881
2023-07-07,217.949997,222.300003,215.250000,217.199997,217.199997,602404
2023-07-10,218.399994,218.949997,210.100006,211.199997,211.199997,441079
2023-07-11,212.300003,216.699997,210.699997,212.000000,212.000000,375075
2023-07-12,216.050003,220.850006,210.000000,211.600006,211.600006,1028040
2023-07-13,213.750000,217.300003,209.500000,211.250000,211.250000,438059
2023-07-14,211.500000,219.500000,211.500000,218.399994,218.399994,862421
2023-07-17,216.000000,218.250000,214.000000,215.199997,215.199997,438340
2023-07-18,216.600006,217.850006,211.399994,212.850006,212.850006,535767
2023-07-19,213.949997,222.199997,213.750000,215.250000,215.250000,1018478
2023-07-20,213.399994,216.399994,212.350006,214.250000,214.250000,416057
2023-07-21,214.250000,218.000000,211.050003,215.649994,215.649994,366184
2023-07-24,216.199997,220.500000,213.699997,214.600006,214.600006,347911
2023-07-25,217.000000,232.399994,217.000000,230.050003,230.050003,3596918
2023-07-26,232.399994,233.699997,225.100006,226.300003,226.300003,1028366
2023-07-27,228.050003,228.850006,224.600006,225.500000,225.500000,421395
2023-07-28,222.300003,227.500000,222.300003,224.850006,224.850006,478290
2023-07-31,225.000000,230.949997,225.000000,228.449997,228.449997,510099
2023-08-01,228.449997,232.000000,225.199997,226.500000,226.500000,561362
2023-08-02,226.699997,234.250000,218.000000,222.949997,222.949997,905709
2023-08-03,223.949997,227.250000,221.399994,225.800003,225.800003,412923
2023-08-04,227.899994,233.399994,226.000000,226.899994,226.899994,702847